# UNLaM: Universidad Nacional de La Matanza
# www.unlam.edu.ar
-64,-2
-64,-1
-64,0
-64,1
-64,2
-64,3
-64,4
-64,5
-64,6
-64,7
-64,8
-64,9
-64,10
-64,11
-64,12
-64,13
-64,14
-64,15
-64,16
-63,-6
-63,-5
-63,-4
-63,-3
-63,-2
-63,-1
-63,0
-63,1
-63,2
-63,3
-63,4
-63,5
-63,6
-63,7
-63,8
-63,9
-63,10
-63,11
-63,12
-63,13
-63,14
-63,15
-63,16
-63,17
-63,18
-63,19
-62,-7
-62,-6
-62,-5
-62,-4
-62,-3
-62,-2
-62,-1
-62,0
-62,1
-62,2
-62,3
-62,4
-62,5
-62,6
-62,7
-62,8
-62,9
-62,10
-62,11
-62,12
-62,13
-62,14
-62,15
-62,16
-62,17
-62,18
-62,19
-62,20
-62,21
-61,-9
-61,-8
-61,-7
-61,-6
-61,-5
-61,-4
-61,-3
-61,-2
-61,-1
-61,0
-61,1
-61,2
-61,3
-61,4
-61,5
-61,6
-61,7
-61,8
-61,9
-61,10
-61,11
-61,12
-61,13
-61,14
-61,15
-61,16
-61,17
-61,18
-61,19
-61,20
-61,21
-61,22
-61,23
-60,-10
-60,-9
-60,-8
-60,-7
-60,-6
-60,-5
-60,-4
-60,-3
-60,-2
-60,-1
-60,0
-60,1
-60,2
-60,3
-60,4
-60,5
-60,6
-60,7
-60,8
-60,9
-60,10
-60,11
-60,12
-60,13
-60,14
-60,15
-60,16
-60,17
-60,18
-60,19
-60,20
-60,21
-60,22
-60,23
-60,24
-59,-11
-59,-10
-59,-9
-59,-8
-59,-7
-59,-6
-59,-5
-59,-4
-59,-3
-59,-2
-59,-1
-59,0
-59,1
-59,2
-59,3
-59,4
-59,5
-59,6
-59,7
-59,8
-59,9
-59,10
-59,11
-59,12
-59,13
-59,14
-59,15
-59,16
-59,17
-59,18
-59,19
-59,20
-59,21
-59,22
-59,23
-59,24
-59,25
-58,-13
-58,-12
-58,-11
-58,-10
-58,-9
-58,-8
-58,-7
-58,-6
-58,-5
-58,-4
-58,-3
-58,-2
-58,-1
-58,0
-58,1
-58,2
-58,3
-58,4
-58,5
-58,6
-58,14
-58,15
-58,16
-58,17
-58,18
-58,19
-58,20
-58,21
-58,22
-58,23
-58,24
-58,25
-58,26
-58,27
-57,-14
-57,-13
-57,-12
-57,-11
-57,-10
-57,-9
-57,-8
-57,-7
-57,-6
-57,-5
-57,-4
-57,-3
-57,-2
-57,-1
-57,0
-57,1
-57,2
-57,3
-57,4
-57,5
-57,6
-57,7
-57,8
-57,9
-57,15
-57,16
-57,17
-57,18
-57,19
-57,20
-57,21
-57,22
-57,23
-57,24
-57,25
-57,26
-57,27
-57,28
-56,-15
-56,-14
-56,-13
-56,-12
-56,-11
-56,-10
-56,-9
-56,-8
-56,-7
-56,-6
-56,-5
-56,-4
-56,-3
-56,-2
-56,-1
-56,0
-56,1
-56,2
-56,3
-56,4
-56,5
-56,6
-56,7
-56,8
-56,9
-56,10
-56,11
-56,12
-56,18
-56,19
-56,20
-56,21
-56,22
-56,23
-56,24
-56,25
-56,26
-56,27
-56,28
-56,29
-55,-16
-55,-15
-55,-14
-55,-13
-55,-12
-55,-11
-55,-10
-55,-9
-55,-8
-55,-7
-55,-6
-55,-5
-55,-4
-55,-3
-55,-2
-55,-1
-55,0
-55,1
-55,2
-55,3
-55,4
-55,5
-55,6
-55,7
-55,8
-55,9
-55,10
-55,11
-55,12
-55,13
-55,19
-55,20
-55,21
-55,22
-55,23
-55,24
-55,25
-55,26
-55,27
-55,28
-55,29
-55,30
-54,-17
-54,-16
-54,-15
-54,-14
-54,-13
-54,-12
-54,-11
-54,-10
-54,-9
-54,-8
-54,-7
-54,-6
-54,-5
-54,5
-54,6
-54,7
-54,8
-54,9
-54,10
-54,11
-54,12
-54,13
-54,14
-54,15
-54,21
-54,22
-54,23
-54,24
-54,25
-54,26
-54,27
-54,28
-54,29
-54,30
-54,31
-53,-18
-53,-17
-53,-16
-53,-15
-53,-14
-53,-13
-53,-12
-53,-11
-53,-10
-53,-9
-53,-5
-53,-4
-53,-3
-53,7
-53,8
-53,9
-53,10
-53,11
-53,12
-53,13
-53,14
-53,15
-53,16
-53,22
-53,23
-53,24
-53,25
-53,26
-53,27
-53,28
-53,29
-53,30
-53,31
-53,32
-52,-19
-52,-18
-52,-17
-52,-16
-52,-15
-52,-14
-52,-13
-52,-12
-52,-11
-52,-10
-52,-9
-52,-8
-52,-7
-52,-6
-52,-5
-52,-4
-52,-3
-52,-2
-52,-1
-52,0
-52,1
-52,2
-52,9
-52,10
-52,11
-52,12
-52,13
-52,14
-52,15
-52,16
-52,17
-52,18
-52,23
-52,24
-52,25
-52,26
-52,27
-52,28
-52,29
-52,30
-52,31
-52,32
-51,-19
-51,-18
-51,-17
-51,-16
-51,-15
-51,-14
-51,-13
-51,-12
-51,-11
-51,-10
-51,-9
-51,-8
-51,-7
-51,-6
-51,-5
-51,-4
-51,-3
-51,-2
-51,-1
-51,0
-51,1
-51,2
-51,3
-51,4
-51,5
-51,11
-51,12
-51,13
-51,14
-51,15
-51,16
-51,17
-51,18
-51,19
-51,24
-51,25
-51,26
-51,27
-51,28
-51,29
-51,30
-51,31
-51,32
-51,33
-50,-20
-50,-19
-50,-18
-50,-17
-50,-16
-50,-15
-50,-14
-50,-13
-50,-12
-50,-11
-50,-10
-50,-9
-50,-8
-50,-7
-50,-6
-50,-5
-50,-4
-50,-3
-50,-2
-50,-1
-50,0
-50,1
-50,2
-50,3
-50,4
-50,5
-50,6
-50,7
-50,13
-50,14
-50,15
-50,16
-50,17
-50,18
-50,19
-50,20
-50,25
-50,26
-50,27
-50,28
-50,29
-50,30
-50,31
-50,32
-50,33
-50,34
-49,-20
-49,-19
-49,-18
-49,-17
-49,-16
-49,-15
-49,-14
-49,-13
-49,-12
-49,-11
-49,-10
-49,-9
-49,-8
-49,-7
-49,-6
-49,-5
-49,-4
-49,-3
-49,-2
-49,-1
-49,0
-49,1
-49,2
-49,3
-49,4
-49,5
-49,6
-49,7
-49,8
-49,14
-49,15
-49,16
-49,17
-49,18
-49,19
-49,20
-49,25
-49,26
-49,27
-49,28
-49,29
-49,30
-49,31
-49,32
-49,33
-49,34
-48,-21
-48,-20
-48,-19
-48,-18
-48,-17
-48,-16
-48,-15
-48,-14
-48,-13
-48,-12
-48,-11
-48,-10
-48,0
-48,1
-48,2
-48,3
-48,4
-48,5
-48,6
-48,7
-48,8
-48,9
-48,15
-48,16
-48,17
-48,18
-48,19
-48,20
-48,21
-48,27
-48,28
-48,29
-48,30
-48,31
-48,32
-48,33
-48,34
-48,35
-47,-21
-47,-20
-47,-19
-47,-18
-47,-17
-47,-16
-47,-15
-47,-14
-47,-13
-47,-12
-47,2
-47,3
-47,4
-47,5
-47,6
-47,7
-47,8
-47,9
-47,10
-47,16
-47,17
-47,18
-47,19
-47,20
-47,21
-47,22
-47,27
-47,28
-47,29
-47,30
-47,31
-47,32
-47,33
-47,34
-47,35
-46,-22
-46,-21
-46,-20
-46,-19
-46,-18
-46,-17
-46,-16
-46,-15
-46,-14
-46,4
-46,5
-46,6
-46,7
-46,8
-46,9
-46,10
-46,11
-46,16
-46,17
-46,18
-46,19
-46,20
-46,21
-46,22
-46,27
-46,28
-46,29
-46,30
-46,31
-46,32
-46,33
-46,34
-46,35
-46,36
-45,-22
-45,-21
-45,-20
-45,-19
-45,-18
-45,-17
-45,-16
-45,-15
-45,5
-45,6
-45,7
-45,8
-45,9
-45,10
-45,11
-45,12
-45,17
-45,18
-45,19
-45,20
-45,21
-45,22
-45,23
-45,28
-45,29
-45,30
-45,31
-45,32
-45,33
-45,34
-45,35
-45,36
-44,-22
-44,-21
-44,-20
-44,-19
-44,-18
-44,-17
-44,-16
-44,-15
-44,6
-44,7
-44,8
-44,9
-44,10
-44,11
-44,12
-44,17
-44,18
-44,19
-44,20
-44,21
-44,22
-44,23
-44,28
-44,29
-44,30
-44,31
-44,32
-44,33
-44,34
-44,35
-44,36
-43,-22
-43,-21
-43,-20
-43,-19
-43,-18
-43,-17
-43,7
-43,8
-43,9
-43,10
-43,11
-43,12
-43,13
-43,18
-43,19
-43,20
-43,21
-43,22
-43,23
-43,29
-43,30
-43,31
-43,32
-43,33
-43,34
-43,35
-43,36
-42,-23
-42,-22
-42,-21
-42,-20
-42,-19
-42,-18
-42,-17
-42,7
-42,8
-42,9
-42,10
-42,11
-42,12
-42,13
-42,18
-42,19
-42,20
-42,21
-42,22
-42,23
-42,29
-42,30
-42,31
-42,32
-42,33
-42,34
-42,35
-42,36
-41,-23
-41,-22
-41,-21
-41,-20
-41,-19
-41,-18
-41,8
-41,9
-41,10
-41,11
-41,12
-41,13
-41,14
-41,19
-41,20
-41,21
-41,22
-41,23
-41,24
-41,29
-41,30
-41,31
-41,32
-41,33
-41,34
-41,35
-41,36
-41,37
-40,-23
-40,-22
-40,-21
-40,-20
-40,-19
-40,-18
-40,8
-40,9
-40,10
-40,11
-40,12
-40,13
-40,14
-40,19
-40,20
-40,21
-40,22
-40,23
-40,24
-40,29
-40,30
-40,31
-40,32
-40,33
-40,34
-40,35
-40,36
-40,37
-39,-23
-39,-22
-39,-21
-39,-20
-39,-19
-39,9
-39,10
-39,11
-39,12
-39,13
-39,14
-39,19
-39,20
-39,21
-39,22
-39,23
-39,24
-39,29
-39,30
-39,31
-39,32
-39,33
-39,34
-39,35
-39,36
-39,37
-38,-24
-38,-23
-38,-22
-38,-21
-38,-20
-38,-19
-38,9
-38,10
-38,11
-38,12
-38,13
-38,14
-38,19
-38,20
-38,21
-38,22
-38,23
-38,24
-38,29
-38,30
-38,31
-38,32
-38,33
-38,34
-38,35
-38,36
-38,37
-37,-24
-37,-23
-37,-22
-37,-21
-37,-20
-37,9
-37,10
-37,11
-37,12
-37,13
-37,14
-37,15
-37,19
-37,20
-37,21
-37,22
-37,23
-37,24
-37,29
-37,30
-37,31
-37,32
-37,33
-37,34
-37,35
-37,36
-37,37
-37,38
-36,-24
-36,-23
-36,-22
-36,-21
-36,-20
-36,9
-36,10
-36,11
-36,12
-36,13
-36,14
-36,15
-36,19
-36,20
-36,21
-36,22
-36,23
-36,24
-36,25
-36,29
-36,30
-36,31
-36,32
-36,33
-36,34
-36,35
-36,36
-36,37
-36,38
-35,-24
-35,-23
-35,-22
-35,-21
-35,-20
-35,-19
-35,-18
-35,-17
-35,-16
-35,-1
-35,0
-35,1
-35,2
-35,3
-35,4
-35,9
-35,10
-35,11
-35,12
-35,13
-35,14
-35,15
-35,19
-35,20
-35,21
-35,22
-35,23
-35,24
-35,25
-35,29
-35,30
-35,31
-35,32
-35,33
-35,34
-35,35
-35,36
-35,37
-35,38
-34,-24
-34,-23
-34,-22
-34,-21
-34,-20
-34,-19
-34,-18
-34,-17
-34,-16
-34,-15
-34,-1
-34,0
-34,1
-34,2
-34,3
-34,4
-34,5
-34,9
-34,10
-34,11
-34,12
-34,13
-34,14
-34,15
-34,20
-34,21
-34,22
-34,23
-34,24
-34,25
-34,29
-34,30
-34,31
-34,32
-34,33
-34,34
-34,35
-34,36
-34,37
-34,38
-33,-24
-33,-23
-33,-22
-33,-21
-33,-20
-33,-19
-33,-18
-33,-17
-33,-16
-33,-15
-33,-1
-33,0
-33,1
-33,2
-33,3
-33,4
-33,5
-33,34
-33,35
-33,36
-33,37
-33,38
-32,-24
-32,-23
-32,-22
-32,-21
-32,-20
-32,-19
-32,-18
-32,-17
-32,-16
-32,-15
-32,-1
-32,0
-32,1
-32,2
-32,3
-32,4
-32,5
-32,34
-32,35
-32,36
-32,37
-32,38
-31,-24
-31,-23
-31,-22
-31,-21
-31,-20
-31,-19
-31,-18
-31,-17
-31,-16
-31,-15
-31,-1
-31,0
-31,1
-31,2
-31,3
-31,4
-31,5
-31,33
-31,34
-31,35
-31,36
-31,37
-30,-23
-30,-22
-30,-21
-30,-20
-30,-19
-30,-18
-30,-17
-30,-16
-30,-15
-30,-1
-30,0
-30,1
-30,2
-30,3
-30,4
-30,5
-30,33
-30,34
-30,35
-30,36
-30,37
-29,-23
-29,-22
-29,-21
-29,-20
-29,-19
-29,-18
-29,-17
-29,-16
-29,-15
-29,0
-29,1
-29,2
-29,3
-29,4
-29,5
-29,6
-29,32
-29,33
-29,34
-29,35
-29,36
-29,37
-28,-23
-28,-22
-28,-21
-28,-20
-28,-19
-28,-18
-28,-17
-28,-16
-28,-15
-28,0
-28,1
-28,2
-28,3
-28,4
-28,5
-28,6
-28,31
-28,32
-28,33
-28,34
-28,35
-28,36
-28,37
-27,-23
-27,-22
-27,-21
-27,-20
-27,-19
-27,-18
-27,-17
-27,-16
-27,-15
-27,0
-27,1
-27,2
-27,3
-27,4
-27,5
-27,6
-27,31
-27,32
-27,33
-27,34
-27,35
-27,36
-27,37
-26,-22
-26,-21
-26,-20
-26,-19
-26,-18
-26,-17
-26,-16
-26,-15
-26,-14
-26,1
-26,2
-26,3
-26,4
-26,5
-26,6
-26,7
-26,8
-26,30
-26,31
-26,32
-26,33
-26,34
-26,35
-26,36
-25,-22
-25,-21
-25,-20
-25,-19
-25,-18
-25,-17
-25,-16
-25,-15
-25,-14
-25,-13
-25,1
-25,2
-25,3
-25,4
-25,5
-25,6
-25,7
-25,8
-25,29
-25,30
-25,31
-25,32
-25,33
-25,34
-25,35
-25,36
-24,-22
-24,-21
-24,-20
-24,-19
-24,-18
-24,-17
-24,-16
-24,-15
-24,-14
-24,-13
-24,2
-24,3
-24,4
-24,5
-24,6
-24,7
-24,8
-24,9
-24,28
-24,29
-24,30
-24,31
-24,32
-24,33
-24,34
-24,35
-24,36
-23,-22
-23,-21
-23,-20
-23,-19
-23,-18
-23,-17
-23,-16
-23,-15
-23,-14
-23,-13
-23,-12
-23,3
-23,4
-23,5
-23,6
-23,7
-23,8
-23,9
-23,10
-23,11
-23,12
-23,27
-23,28
-23,29
-23,30
-23,31
-23,32
-23,33
-23,34
-23,35
-22,-21
-22,-20
-22,-19
-22,-18
-22,-17
-22,-16
-22,-15
-22,-14
-22,-13
-22,-12
-22,3
-22,4
-22,5
-22,6
-22,7
-22,8
-22,9
-22,10
-22,11
-22,12
-22,13
-22,25
-22,26
-22,27
-22,28
-22,29
-22,30
-22,31
-22,32
-22,33
-22,34
-22,35
-21,-21
-21,-20
-21,-19
-21,-18
-21,-17
-21,-16
-21,-15
-21,-14
-21,-13
-21,-12
-21,-11
-21,4
-21,5
-21,6
-21,7
-21,8
-21,9
-21,10
-21,11
-21,12
-21,13
-21,14
-21,15
-21,23
-21,24
-21,25
-21,26
-21,27
-21,28
-21,29
-21,30
-21,31
-21,32
-21,33
-21,34
-21,35
-20,-20
-20,-19
-20,-18
-20,-17
-20,-16
-20,-15
-20,-14
-20,-13
-20,-12
-20,-11
-20,-10
-20,6
-20,7
-20,8
-20,9
-20,10
-20,11
-20,12
-20,13
-20,14
-20,15
-20,16
-20,17
-20,18
-20,19
-20,20
-20,21
-20,22
-20,23
-20,24
-20,25
-20,26
-20,27
-20,28
-20,29
-20,30
-20,31
-20,32
-20,33
-20,34
-19,-20
-19,-19
-19,-18
-19,-17
-19,-16
-19,-15
-19,-14
-19,-13
-19,-12
-19,-11
-19,-10
-19,6
-19,7
-19,8
-19,9
-19,10
-19,11
-19,12
-19,13
-19,14
-19,15
-19,16
-19,17
-19,18
-19,19
-19,20
-19,21
-19,22
-19,23
-19,24
-19,25
-19,26
-19,27
-19,28
-19,29
-19,30
-19,31
-19,32
-19,33
-19,34
-18,-19
-18,-18
-18,-17
-18,-16
-18,-15
-18,-14
-18,-13
-18,-12
-18,-11
-18,-10
-18,-9
-18,8
-18,9
-18,10
-18,11
-18,12
-18,13
-18,14
-18,15
-18,16
-18,17
-18,18
-18,19
-18,20
-18,21
-18,22
-18,23
-18,24
-18,25
-18,26
-18,27
-18,28
-18,29
-18,30
-18,31
-18,32
-18,33
-17,-19
-17,-18
-17,-17
-17,-16
-17,-15
-17,-14
-17,-13
-17,-12
-17,-11
-17,-10
-17,-9
-17,-8
-17,9
-17,10
-17,11
-17,12
-17,13
-17,14
-17,15
-17,16
-17,17
-17,18
-17,19
-17,20
-17,21
-17,22
-17,23
-17,24
-17,25
-17,26
-17,27
-17,28
-17,29
-17,30
-17,31
-17,32
-17,33
-16,-18
-16,-17
-16,-16
-16,-15
-16,-14
-16,-13
-16,-12
-16,-11
-16,-10
-16,-9
-16,-8
-16,-7
-16,-6
-16,14
-16,15
-16,16
-16,17
-16,18
-16,19
-16,20
-16,21
-16,22
-16,24
-16,25
-16,26
-16,27
-16,28
-16,29
-16,30
-16,31
-16,32
-15,-17
-15,-16
-15,-15
-15,-14
-15,-13
-15,-12
-15,-11
-15,-10
-15,-9
-15,-8
-15,-7
-15,-6
-15,-5
-15,23
-15,24
-15,25
-15,26
-15,27
-15,28
-15,29
-15,30
-15,31
-14,-16
-14,-15
-14,-14
-14,-13
-14,-12
-14,-11
-14,-10
-14,-9
-14,-8
-14,-7
-14,-6
-14,-5
-14,-4
-14,22
-14,23
-14,24
-14,25
-14,26
-14,27
-14,28
-14,29
-14,30
-13,-15
-13,-14
-13,-13
-13,-12
-13,-11
-13,-10
-13,-9
-13,-8
-13,-7
-13,-6
-13,-5
-13,-4
-13,-3
-13,-2
-13,20
-13,21
-13,22
-13,23
-13,24
-13,25
-13,26
-13,27
-13,28
-13,29
-12,-15
-12,-14
-12,-13
-12,-12
-12,-11
-12,-10
-12,-9
-12,-8
-12,-7
-12,-6
-12,-5
-12,-4
-12,-3
-12,-2
-12,-1
-12,0
-12,18
-12,19
-12,20
-12,21
-12,22
-12,23
-12,24
-12,25
-12,26
-12,27
-12,28
-11,-13
-11,-12
-11,-11
-11,-10
-11,-9
-11,-8
-11,-7
-11,-6
-11,-5
-11,-4
-11,-3
-11,-2
-11,-1
-11,0
-11,1
-11,2
-11,3
-11,4
-11,5
-11,13
-11,14
-11,15
-11,16
-11,17
-11,18
-11,19
-11,20
-11,21
-11,22
-11,23
-11,24
-11,25
-11,26
-11,27
-10,-12
-10,-11
-10,-10
-10,-9
-10,-8
-10,-7
-10,-6
-10,-5
-10,-4
-10,-3
-10,-2
-10,-1
-10,0
-10,1
-10,2
-10,3
-10,4
-10,5
-10,6
-10,7
-10,8
-10,9
-10,10
-10,11
-10,12
-10,13
-10,14
-10,15
-10,16
-10,17
-10,18
-10,19
-10,20
-10,21
-10,22
-10,23
-10,24
-10,25
-10,26
-9,-11
-9,-10
-9,-9
-9,-8
-9,-7
-9,-6
-9,-5
-9,-4
-9,-3
-9,-2
-9,-1
-9,0
-9,1
-9,2
-9,3
-9,4
-9,5
-9,6
-9,7
-9,8
-9,9
-9,10
-9,11
-9,12
-9,13
-9,14
-9,15
-9,16
-9,17
-9,18
-9,19
-9,20
-9,21
-9,22
-9,23
-9,24
-9,25
-8,-9
-8,-8
-8,-7
-8,-6
-8,-5
-8,-4
-8,-3
-8,-2
-8,-1
-8,0
-8,1
-8,2
-8,3
-8,4
-8,5
-8,6
-8,7
-8,8
-8,9
-8,10
-8,11
-8,12
-8,13
-8,14
-8,15
-8,16
-8,17
-8,18
-8,19
-8,20
-8,21
-8,22
-8,23
-7,-7
-7,-6
-7,-5
-7,-4
-7,-3
-7,-2
-7,-1
-7,0
-7,1
-7,2
-7,3
-7,4
-7,5
-7,6
-7,7
-7,8
-7,9
-7,10
-7,11
-7,12
-7,13
-7,14
-7,15
-7,16
-7,17
-7,18
-7,19
-7,20
-7,21
-6,-6
-6,-5
-6,-4
-6,-3
-6,-2
-6,-1
-6,0
-6,1
-6,2
-6,3
-6,4
-6,5
-6,6
-6,7
-6,8
-6,9
-6,10
-6,11
-6,12
-6,13
-6,14
-6,15
-6,16
-6,17
-6,18
-6,19
-6,20
-5,-3
-5,-2
-5,-1
-5,0
-5,1
-5,2
-5,3
-5,4
-5,5
-5,6
-5,7
-5,8
-5,9
-5,10
-5,11
-5,12
-5,13
-5,14
-5,15
-5,16
-5,17
-4,0
-4,1
-4,2
-4,3
-4,4
-4,5
-4,6
-4,7
-4,8
-4,9
-4,10
-4,11
-4,12
-4,13
-4,14
7,-10
7,-9
7,-8
7,16
7,17
7,18
7,123
7,124
7,125
8,-112
8,-111
8,-109
8,-108
8,-106
8,-105
8,-98
8,-97
8,-95
8,-93
8,-92
8,-12
8,-11
8,-10
8,-9
8,-8
8,14
8,15
8,16
8,17
8,18
8,121
8,122
8,123
8,124
8,125
9,-112
9,-111
9,-110
9,-109
9,-108
9,-107
9,-106
9,-105
9,-98
9,-97
9,-96
9,-95
9,-94
9,-93
9,-92
9,-75
9,-74
9,-73
9,-25
9,-24
9,-23
9,-12
9,-11
9,-10
9,-9
9,-8
9,14
9,15
9,16
9,17
9,18
9,28
9,29
9,30
9,31
9,32
9,33
9,42
9,43
9,44
9,45
9,46
9,47
9,48
9,49
9,74
9,75
9,76
9,121
9,122
9,123
9,124
9,125
10,-112
10,-111
10,-110
10,-109
10,-108
10,-107
10,-106
10,-105
10,-98
10,-97
10,-96
10,-95
10,-94
10,-93
10,-92
10,-76
10,-75
10,-74
10,-73
10,-26
10,-25
10,-24
10,-23
10,-11
10,-10
10,-9
10,-8
10,15
10,16
10,17
10,18
10,28
10,29
10,30
10,31
10,32
10,33
10,34
10,42
10,43
10,44
10,45
10,46
10,47
10,48
10,49
10,74
10,75
10,76
10,77
10,122
10,123
10,124
10,125
11,-110
11,-109
11,-108
11,-107
11,-96
11,-95
11,-94
11,-76
11,-75
11,-74
11,-73
11,-26
11,-25
11,-24
11,-23
11,-11
11,-10
11,-9
11,-8
11,15
11,16
11,17
11,18
11,30
11,31
11,32
11,33
11,34
11,44
11,45
11,46
11,47
11,74
11,75
11,76
11,77
11,122
11,123
11,124
11,125
12,-110
12,-109
12,-108
12,-107
12,-96
12,-95
12,-94
12,-74
12,-25
12,-24
12,-11
12,-10
12,-9
12,-8
12,15
12,16
12,17
12,18
12,31
12,32
12,33
12,34
12,35
12,44
12,45
12,46
12,74
12,75
12,76
12,122
12,123
12,124
12,125
13,-110
13,-109
13,-108
13,-107
13,-96
13,-95
13,-94
13,-11
13,-10
13,-9
13,-8
13,15
13,16
13,17
13,18
13,31
13,32
13,33
13,34
13,35
13,36
13,45
13,46
13,122
13,123
13,124
13,125
14,-110
14,-109
14,-108
14,-107
14,-96
14,-95
14,-94
14,-11
14,-10
14,-9
14,-8
14,15
14,16
14,17
14,18
14,31
14,32
14,34
14,35
14,36
14,37
14,45
14,46
14,122
14,123
14,124
14,125
15,-110
15,-109
15,-108
15,-107
15,-96
15,-95
15,-94
15,-72
15,-11
15,-10
15,-9
15,-8
15,15
15,16
15,17
15,18
15,31
15,32
15,34
15,35
15,36
15,37
15,38
15,45
15,46
15,122
15,123
15,124
15,125
16,-110
16,-109
16,-108
16,-107
16,-95
16,-94
16,-89
16,-88
16,-85
16,-84
16,-83
16,-82
16,-74
16,-73
16,-53
16,-52
16,-51
16,-50
16,-43
16,-42
16,-40
16,-39
16,-38
16,-33
16,-32
16,-31
16,-30
16,-24
16,-23
16,-14
16,-13
16,-12
16,-11
16,-10
16,-9
16,-8
16,-1
16,0
16,1
16,12
16,13
16,14
16,15
16,16
16,17
16,18
16,31
16,32
16,34
16,35
16,36
16,37
16,38
16,45
16,46
16,54
16,55
16,56
16,67
16,68
16,69
16,76
16,77
16,85
16,86
16,87
16,97
16,98
16,101
16,102
16,103
16,114
16,115
16,122
16,123
16,124
16,125
17,-110
17,-109
17,-108
17,-107
17,-95
17,-94
17,-91
17,-90
17,-89
17,-88
17,-87
17,-86
17,-85
17,-84
17,-83
17,-82
17,-81
17,-76
17,-75
17,-74
17,-73
17,-70
17,-69
17,-68
17,-67
17,-66
17,-65
17,-62
17,-61
17,-60
17,-59
17,-58
17,-55
17,-54
17,-53
17,-52
17,-51
17,-50
17,-49
17,-48
17,-45
17,-44
17,-43
17,-42
17,-41
17,-40
17,-39
17,-38
17,-37
17,-35
17,-34
17,-33
17,-32
17,-31
17,-30
17,-29
17,-27
17,-26
17,-25
17,-24
17,-23
17,-17
17,-16
17,-15
17,-14
17,-13
17,-12
17,-11
17,-10
17,-9
17,-8
17,-3
17,-2
17,-1
17,0
17,1
17,2
17,3
17,9
17,10
17,11
17,12
17,13
17,14
17,15
17,16
17,17
17,18
17,31
17,32
17,36
17,37
17,38
17,39
17,45
17,46
17,52
17,53
17,54
17,55
17,56
17,57
17,58
17,64
17,65
17,66
17,67
17,68
17,69
17,70
17,71
17,73
17,74
17,75
17,76
17,77
17,83
17,84
17,85
17,86
17,87
17,88
17,89
17,90
17,95
17,96
17,97
17,98
17,99
17,100
17,101
17,102
17,103
17,104
17,105
17,111
17,112
17,113
17,114
17,115
17,116
17,117
17,122
17,123
17,124
17,125
18,-110
18,-109
18,-108
18,-107
18,-95
18,-94
18,-91
18,-90
18,-89
18,-88
18,-87
18,-86
18,-84
18,-83
18,-82
18,-81
18,-80
18,-76
18,-75
18,-74
18,-73
18,-69
18,-68
18,-67
18,-66
18,-61
18,-60
18,-59
18,-56
18,-55
18,-54
18,-53
18,-50
18,-49
18,-48
18,-45
18,-44
18,-43
18,-42
18,-41
18,-40
18,-39
18,-38
18,-37
18,-36
18,-35
18,-34
18,-31
18,-30
18,-29
18,-26
18,-25
18,-24
18,-23
18,-19
18,-18
18,-17
18,-16
18,-12
18,-11
18,-10
18,-9
18,-8
18,-5
18,-4
18,-3
18,-2
18,1
18,2
18,3
18,8
18,9
18,10
18,11
18,14
18,15
18,16
18,17
18,18
18,31
18,32
18,37
18,38
18,39
18,40
18,45
18,46
18,50
18,51
18,52
18,55
18,56
18,57
18,58
18,63
18,64
18,65
18,69
18,70
18,71
18,73
18,74
18,75
18,76
18,77
18,81
18,82
18,83
18,84
18,88
18,89
18,90
18,91
18,95
18,96
18,97
18,98
18,99
18,100
18,101
18,102
18,103
18,104
18,105
18,109
18,110
18,111
18,112
18,115
18,116
18,117
18,122
18,123
18,124
18,125
19,-110
19,-109
19,-108
19,-107
19,-95
19,-94
19,-90
19,-89
19,-88
19,-83
19,-82
19,-81
19,-80
19,-75
19,-74
19,-73
19,-68
19,-67
19,-66
19,-62
19,-61
19,-60
19,-57
19,-56
19,-55
19,-54
19,-53
19,-52
19,-51
19,-50
19,-49
19,-48
19,-44
19,-43
19,-42
19,-38
19,-36
19,-35
19,-34
19,-30
19,-29
19,-25
19,-24
19,-23
19,-19
19,-18
19,-17
19,-11
19,-10
19,-9
19,-8
19,-6
19,-5
19,-4
19,-3
19,1
19,2
19,3
19,7
19,8
19,9
19,10
19,15
19,16
19,17
19,18
19,31
19,32
19,37
19,38
19,39
19,40
19,41
19,45
19,46
19,50
19,51
19,52
19,56
19,57
19,58
19,62
19,63
19,64
19,70
19,71
19,74
19,75
19,76
19,77
19,80
19,81
19,82
19,83
19,88
19,89
19,90
19,91
19,95
19,96
19,97
19,98
19,103
19,104
19,105
19,108
19,109
19,110
19,111
19,112
19,115
19,116
19,117
19,118
19,122
19,123
19,124
19,125
20,-110
20,-109
20,-108
20,-107
20,-96
20,-95
20,-94
20,-90
20,-89
20,-88
20,-83
20,-82
20,-81
20,-80
20,-75
20,-74
20,-73
20,-68
20,-67
20,-66
20,-65
20,-62
20,-61
20,-60
20,-57
20,-56
20,-55
20,-54
20,-53
20,-52
20,-51
20,-50
20,-49
20,-48
20,-44
20,-43
20,-42
20,-36
20,-35
20,-34
20,-33
20,-32
20,-25
20,-24
20,-23
20,-20
20,-19
20,-18
20,-17
20,-11
20,-10
20,-9
20,-8
20,-5
20,-4
20,1
20,2
20,3
20,7
20,8
20,9
20,15
20,16
20,17
20,18
20,31
20,32
20,38
20,39
20,40
20,41
20,42
20,45
20,46
20,50
20,51
20,56
20,57
20,58
20,62
20,63
20,64
20,74
20,75
20,76
20,77
20,80
20,81
20,82
20,83
20,89
20,90
20,91
20,92
20,95
20,96
20,97
20,98
20,103
20,104
20,105
20,108
20,109
20,110
20,111
20,115
20,116
20,117
20,118
20,122
20,123
20,124
20,125
21,-110
21,-109
21,-108
21,-107
21,-96
21,-95
21,-94
21,-90
21,-89
21,-88
21,-83
21,-82
21,-81
21,-80
21,-75
21,-74
21,-73
21,-68
21,-67
21,-66
21,-65
21,-62
21,-61
21,-60
21,-57
21,-56
21,-55
21,-54
21,-53
21,-52
21,-51
21,-50
21,-44
21,-43
21,-42
21,-35
21,-34
21,-33
21,-32
21,-31
21,-25
21,-24
21,-23
21,-20
21,-19
21,-18
21,-17
21,-11
21,-10
21,-9
21,-8
21,1
21,2
21,3
21,6
21,7
21,8
21,9
21,15
21,16
21,17
21,18
21,31
21,32
21,39
21,40
21,41
21,42
21,43
21,45
21,46
21,56
21,57
21,58
21,62
21,63
21,74
21,75
21,76
21,77
21,80
21,81
21,82
21,83
21,90
21,91
21,92
21,95
21,96
21,97
21,98
21,103
21,104
21,105
21,115
21,116
21,117
21,122
21,123
21,124
21,125
22,-110
22,-109
22,-108
22,-107
22,-96
22,-95
22,-94
22,-90
22,-89
22,-88
22,-83
22,-82
22,-81
22,-80
22,-75
22,-74
22,-73
22,-67
22,-66
22,-65
22,-64
22,-63
22,-62
22,-61
22,-57
22,-56
22,-55
22,-44
22,-43
22,-42
22,-34
22,-33
22,-32
22,-31
22,-30
22,-25
22,-24
22,-23
22,-20
22,-19
22,-18
22,-17
22,-11
22,-10
22,-9
22,-8
22,-2
22,-1
22,0
22,1
22,2
22,3
22,6
22,7
22,8
22,9
22,15
22,16
22,17
22,18
22,31
22,32
22,33
22,40
22,41
22,42
22,43
22,44
22,45
22,46
22,52
22,53
22,54
22,55
22,56
22,57
22,58
22,61
22,62
22,63
22,74
22,75
22,76
22,77
22,80
22,81
22,82
22,83
22,90
22,91
22,92
22,95
22,96
22,97
22,98
22,103
22,104
22,105
22,112
22,113
22,114
22,115
22,116
22,117
22,122
22,123
22,124
22,125
23,-109
23,-108
23,-107
23,-96
23,-95
23,-94
23,-90
23,-89
23,-88
23,-83
23,-82
23,-81
23,-80
23,-75
23,-74
23,-73
23,-67
23,-66
23,-65
23,-64
23,-63
23,-62
23,-57
23,-56
23,-55
23,-44
23,-43
23,-42
23,-33
23,-32
23,-31
23,-30
23,-29
23,-25
23,-24
23,-23
23,-20
23,-19
23,-18
23,-17
23,-11
23,-10
23,-9
23,-8
23,-4
23,-3
23,-2
23,-1
23,0
23,1
23,2
23,3
23,6
23,7
23,8
23,9
23,15
23,16
23,17
23,18
23,31
23,32
23,33
23,41
23,42
23,43
23,44
23,45
23,46
23,51
23,52
23,53
23,54
23,55
23,56
23,57
23,58
23,61
23,62
23,63
23,64
23,74
23,75
23,76
23,77
23,80
23,81
23,82
23,83
23,90
23,91
23,92
23,95
23,96
23,97
23,98
23,103
23,104
23,105
23,110
23,111
23,112
23,113
23,114
23,115
23,116
23,117
23,122
23,123
23,124
23,125
24,-109
24,-108
24,-107
24,-106
24,-97
24,-96
24,-95
24,-90
24,-89
24,-88
24,-83
24,-82
24,-81
24,-80
24,-75
24,-74
24,-73
24,-66
24,-65
24,-64
24,-63
24,-62
24,-57
24,-56
24,-55
24,-54
24,-44
24,-43
24,-42
24,-37
24,-36
24,-32
24,-31
24,-30
24,-29
24,-25
24,-24
24,-23
24,-20
24,-19
24,-18
24,-17
24,-11
24,-10
24,-9
24,-8
24,-5
24,-4
24,-3
24,-2
24,-1
24,1
24,2
24,3
24,6
24,7
24,8
24,9
24,15
24,16
24,17
24,18
24,31
24,32
24,33
24,42
24,43
24,44
24,45
24,46
24,50
24,51
24,52
24,53
24,54
24,56
24,57
24,58
24,61
24,62
24,63
24,64
24,74
24,75
24,76
24,77
24,80
24,81
24,82
24,83
24,90
24,91
24,92
24,95
24,96
24,97
24,98
24,103
24,104
24,105
24,109
24,110
24,111
24,112
24,113
24,115
24,116
24,117
24,122
24,123
24,124
24,125
25,-108
25,-107
25,-106
25,-98
25,-97
25,-96
25,-90
25,-89
25,-88
25,-83
25,-82
25,-81
25,-80
25,-75
25,-74
25,-73
25,-65
25,-64
25,-63
25,-57
25,-56
25,-55
25,-54
25,-53
25,-48
25,-47
25,-44
25,-43
25,-42
25,-37
25,-36
25,-35
25,-31
25,-30
25,-29
25,-25
25,-24
25,-23
25,-19
25,-18
25,-17
25,-16
25,-11
25,-10
25,-9
25,-8
25,-6
25,-5
25,-4
25,-3
25,1
25,2
25,3
25,7
25,8
25,9
25,10
25,15
25,16
25,17
25,18
25,31
25,32
25,33
25,43
25,44
25,45
25,46
25,50
25,51
25,52
25,56
25,57
25,58
25,62
25,63
25,64
25,65
25,71
25,72
25,74
25,75
25,76
25,77
25,80
25,81
25,82
25,83
25,89
25,90
25,91
25,95
25,96
25,97
25,98
25,103
25,104
25,105
25,108
25,109
25,110
25,111
25,115
25,116
25,117
25,122
25,123
25,124
25,125
26,-108
26,-107
26,-106
26,-105
26,-104
26,-99
26,-98
26,-97
26,-96
26,-90
26,-89
26,-88
26,-83
26,-82
26,-81
26,-80
26,-75
26,-74
26,-73
26,-65
26,-64
26,-63
26,-57
26,-56
26,-55
26,-54
26,-53
26,-52
26,-51
26,-49
26,-48
26,-44
26,-43
26,-42
26,-37
26,-36
26,-35
26,-31
26,-30
26,-29
26,-25
26,-24
26,-23
26,-19
26,-18
26,-17
26,-16
26,-15
26,-11
26,-10
26,-9
26,-6
26,-5
26,-4
26,-3
26,-2
26,0
26,1
26,2
26,3
26,7
26,8
26,9
26,10
26,11
26,15
26,16
26,17
26,18
26,30
26,31
26,32
26,43
26,44
26,45
26,46
26,50
26,51
26,52
26,55
26,56
26,57
26,58
26,62
26,63
26,64
26,65
26,66
26,70
26,71
26,74
26,75
26,76
26,77
26,80
26,81
26,82
26,83
26,84
26,88
26,89
26,90
26,91
26,95
26,96
26,97
26,98
26,103
26,104
26,105
26,108
26,109
26,110
26,111
26,112
26,115
26,116
26,117
26,122
26,123
26,124
27,-107
27,-106
27,-105
27,-104
27,-103
27,-102
27,-101
27,-100
27,-99
27,-98
27,-92
27,-91
27,-90
27,-89
27,-88
27,-87
27,-86
27,-84
27,-83
27,-82
27,-81
27,-80
27,-79
27,-78
27,-77
27,-76
27,-75
27,-74
27,-73
27,-72
27,-71
27,-65
27,-64
27,-63
27,-55
27,-54
27,-53
27,-52
27,-51
27,-50
27,-49
27,-48
27,-46
27,-45
27,-44
27,-43
27,-42
27,-41
27,-40
27,-36
27,-35
27,-34
27,-33
27,-32
27,-31
27,-30
27,-27
27,-26
27,-25
27,-24
27,-23
27,-22
27,-18
27,-17
27,-16
27,-15
27,-14
27,-13
27,-12
27,-11
27,-10
27,-9
27,-8
27,-7
27,-5
27,-4
27,-3
27,-2
27,-1
27,0
27,1
27,2
27,3
27,4
27,5
27,6
27,8
27,9
27,10
27,11
27,12
27,13
27,14
27,15
27,16
27,17
27,18
27,19
27,20
27,28
27,29
27,30
27,31
27,32
27,33
27,34
27,35
27,44
27,45
27,46
27,50
27,51
27,52
27,53
27,54
27,55
27,56
27,57
27,58
27,59
27,60
27,61
27,63
27,64
27,65
27,66
27,67
27,68
27,69
27,70
27,71
27,72
27,73
27,74
27,75
27,76
27,77
27,78
27,82
27,83
27,84
27,85
27,86
27,87
27,88
27,89
27,90
27,94
27,95
27,96
27,97
27,98
27,99
27,102
27,103
27,104
27,105
27,106
27,107
27,109
27,110
27,111
27,112
27,113
27,114
27,115
27,116
27,117
27,118
27,119
27,120
27,121
27,122
27,123
27,124
27,125
27,126
28,-106
28,-105
28,-104
28,-103
28,-102
28,-101
28,-100
28,-99
28,-98
28,-92
28,-91
28,-90
28,-89
28,-88
28,-87
28,-86
28,-84
28,-83
28,-82
28,-81
28,-80
28,-79
28,-78
28,-77
28,-76
28,-75
28,-74
28,-73
28,-72
28,-71
28,-65
28,-64
28,-55
28,-54
28,-53
28,-52
28,-51
28,-50
28,-49
28,-46
28,-45
28,-44
28,-43
28,-42
28,-41
28,-40
28,-36
28,-35
28,-34
28,-33
28,-32
28,-31
28,-30
28,-27
28,-26
28,-25
28,-24
28,-23
28,-22
28,-17
28,-16
28,-15
28,-14
28,-13
28,-12
28,-11
28,-10
28,-9
28,-8
28,-7
28,-4
28,-3
28,-2
28,-1
28,0
28,1
28,2
28,3
28,4
28,5
28,9
28,10
28,11
28,12
28,13
28,14
28,15
28,16
28,17
28,18
28,19
28,20
28,28
28,29
28,30
28,31
28,32
28,33
28,34
28,35
28,45
28,46
28,50
28,51
28,52
28,53
28,54
28,55
28,56
28,57
28,58
28,59
28,60
28,64
28,65
28,66
28,67
28,68
28,69
28,70
28,72
28,73
28,74
28,75
28,76
28,77
28,78
28,83
28,84
28,85
28,86
28,87
28,88
28,89
28,94
28,95
28,96
28,97
28,98
28,99
28,102
28,103
28,104
28,105
28,106
28,107
28,110
28,111
28,112
28,113
28,114
28,115
28,116
28,117
28,118
28,119
28,120
28,121
28,122
28,123
28,124
28,125
28,126
36,-63
37,-66
37,-65
37,-64
37,-63
37,-41
37,-40
37,-34
38,-66
38,-65
38,-64
38,-63
38,-41
38,-40
38,-39
38,-38
38,-37
38,-36
38,-35
38,-34
38,-33
38,-6
38,-5
38,-4
38,-3
38,-2
38,-1
38,13
38,14
38,15
38,16
38,17
38,18
39,-66
39,-65
39,-64
39,-63
39,-41
39,-40
39,-39
39,-38
39,-37
39,-36
39,-35
39,-34
39,-33
39,-6
39,-5
39,-4
39,-3
39,-2
39,-1
39,12
39,13
39,14
39,15
39,16
39,17
39,18
40,-65
40,-64
40,-63
40,-38
40,-37
40,-36
40,-4
40,-3
40,-2
40,-1
40,0
40,12
40,13
40,14
40,15
41,-65
41,-64
41,-63
41,-38
41,-37
41,-36
41,-4
41,-3
41,-2
41,-1
41,0
41,12
41,13
41,14
41,15
42,-65
42,-64
42,-63
42,-38
42,-37
42,-36
42,-4
42,-3
42,-2
42,-1
42,0
42,11
42,12
42,13
42,14
42,15
43,-65
43,-64
43,-63
43,-38
43,-37
43,-36
43,-4
43,-3
43,-2
43,-1
43,0
43,1
43,11
43,12
43,13
43,14
43,15
44,-65
44,-64
44,-63
44,-38
44,-37
44,-36
44,-4
44,-3
44,-2
44,-1
44,0
44,1
44,2
44,10
44,11
44,12
44,13
44,14
44,15
44,34
44,35
45,-69
45,-68
45,-67
45,-66
45,-65
45,-64
45,-63
45,-55
45,-54
45,-53
45,-52
45,-38
45,-37
45,-36
45,-21
45,-20
45,-19
45,-4
45,-3
45,-2
45,-1
45,0
45,1
45,2
45,9
45,10
45,11
45,13
45,14
45,15
45,24
45,25
45,26
45,33
45,34
45,44
45,45
45,46
45,55
45,56
45,59
45,60
45,67
45,82
45,83
46,-71
46,-70
46,-69
46,-68
46,-67
46,-66
46,-65
46,-64
46,-63
46,-57
46,-56
46,-55
46,-54
46,-53
46,-52
46,-51
46,-38
46,-37
46,-36
46,-23
46,-22
46,-21
46,-20
46,-19
46,-18
46,-17
46,-4
46,-3
46,-2
46,-1
46,0
46,1
46,2
46,9
46,10
46,11
46,13
46,14
46,15
46,22
46,23
46,24
46,25
46,26
46,27
46,31
46,32
46,33
46,34
46,35
46,36
46,37
46,38
46,42
46,43
46,44
46,45
46,46
46,47
46,48
46,52
46,53
46,54
46,55
46,56
46,57
46,58
46,59
46,60
46,61
46,62
46,66
46,67
46,68
46,69
46,70
46,71
46,72
46,73
46,74
46,75
46,76
46,79
46,80
46,81
46,82
46,83
46,84
46,85
47,-72
47,-71
47,-70
47,-69
47,-66
47,-65
47,-64
47,-63
47,-58
47,-57
47,-56
47,-55
47,-52
47,-51
47,-50
47,-38
47,-37
47,-36
47,-24
47,-23
47,-22
47,-21
47,-20
47,-19
47,-18
47,-17
47,-4
47,-3
47,-2
47,0
47,1
47,2
47,3
47,9
47,10
47,11
47,13
47,14
47,15
47,21
47,22
47,23
47,24
47,25
47,26
47,27
47,28
47,31
47,32
47,33
47,34
47,35
47,36
47,37
47,38
47,41
47,42
47,43
47,44
47,45
47,46
47,47
47,48
47,52
47,53
47,54
47,55
47,56
47,57
47,58
47,59
47,60
47,61
47,62
47,66
47,67
47,68
47,69
47,70
47,71
47,72
47,73
47,74
47,75
47,78
47,79
47,80
47,81
47,82
47,83
47,84
47,85
47,86
48,-73
48,-72
48,-71
48,-65
48,-64
48,-63
48,-59
48,-58
48,-57
48,-56
48,-55
48,-54
48,-53
48,-52
48,-51
48,-50
48,-38
48,-37
48,-36
48,-25
48,-24
48,-23
48,-19
48,-18
48,-17
48,-4
48,-3
48,-2
48,1
48,2
48,3
48,4
48,8
48,9
48,10
48,13
48,14
48,15
48,19
48,20
48,21
48,22
48,25
48,26
48,27
48,28
48,32
48,33
48,34
48,39
48,40
48,41
48,42
48,46
48,47
48,48
48,53
48,54
48,55
48,56
48,60
48,61
48,62
48,63
48,65
48,66
48,67
48,71
48,72
48,73
48,74
48,77
48,78
48,79
48,83
48,84
48,85
48,86
49,-74
49,-73
49,-72
49,-71
49,-65
49,-64
49,-63
49,-59
49,-58
49,-57
49,-56
49,-55
49,-54
49,-53
49,-52
49,-51
49,-50
49,-38
49,-37
49,-36
49,-25
49,-24
49,-23
49,-19
49,-18
49,-17
49,-4
49,-3
49,-2
49,1
49,2
49,3
49,4
49,8
49,9
49,13
49,14
49,15
49,19
49,20
49,21
49,22
49,25
49,26
49,27
49,28
49,32
49,33
49,34
49,35
49,39
49,40
49,41
49,42
49,46
49,47
49,48
49,53
49,54
49,55
49,56
49,61
49,62
49,63
49,65
49,66
49,71
49,72
49,73
49,77
49,78
49,79
49,83
49,84
49,85
49,86
50,-74
50,-73
50,-72
50,-71
50,-65
50,-64
50,-63
50,-59
50,-58
50,-57
50,-56
50,-55
50,-54
50,-53
50,-52
50,-51
50,-50
50,-38
50,-37
50,-36
50,-19
50,-18
50,-17
50,-4
50,-3
50,-2
50,1
50,2
50,3
50,4
50,5
50,7
50,8
50,13
50,14
50,15
50,25
50,26
50,27
50,28
50,32
50,33
50,34
50,35
50,46
50,47
50,48
50,52
50,53
50,54
50,55
50,56
50,61
50,62
50,63
50,70
50,71
50,72
50,73
50,83
50,84
50,85
50,86
51,-75
51,-74
51,-73
51,-72
51,-71
51,-65
51,-64
51,-63
51,-59
51,-58
51,-57
51,-38
51,-37
51,-36
51,-21
51,-20
51,-19
51,-18
51,-17
51,-4
51,-3
51,-2
51,2
51,3
51,4
51,5
51,7
51,8
51,13
51,14
51,15
51,24
51,25
51,26
51,27
51,28
51,32
51,33
51,34
51,35
51,45
51,46
51,47
51,48
51,52
51,53
51,54
51,55
51,56
51,61
51,62
51,63
51,70
51,71
51,72
51,73
51,82
51,83
51,84
51,85
51,86
52,-75
52,-74
52,-73
52,-72
52,-71
52,-65
52,-64
52,-63
52,-59
52,-58
52,-57
52,-38
52,-37
52,-36
52,-26
52,-24
52,-23
52,-22
52,-21
52,-20
52,-19
52,-18
52,-17
52,-4
52,-3
52,-2
52,2
52,3
52,4
52,5
52,6
52,7
52,8
52,13
52,14
52,15
52,21
52,22
52,23
52,24
52,25
52,26
52,27
52,28
52,32
52,33
52,34
52,35
52,41
52,42
52,43
52,44
52,45
52,46
52,47
52,48
52,52
52,53
52,54
52,55
52,56
52,61
52,62
52,63
52,69
52,70
52,71
52,79
52,80
52,81
52,82
52,83
52,84
52,85
52,86
53,-75
53,-74
53,-73
53,-72
53,-71
53,-65
53,-64
53,-63
53,-59
53,-58
53,-57
53,-38
53,-37
53,-36
53,-27
53,-26
53,-24
53,-23
53,-22
53,-21
53,-19
53,-18
53,-17
53,-4
53,-3
53,-2
53,3
53,4
53,5
53,6
53,7
53,13
53,14
53,15
53,20
53,21
53,22
53,23
53,24
53,26
53,27
53,28
53,32
53,33
53,34
53,35
53,40
53,41
53,42
53,43
53,44
53,46
53,47
53,48
53,52
53,53
53,54
53,55
53,56
53,61
53,62
53,63
53,68
53,69
53,70
53,71
53,78
53,79
53,80
53,81
53,82
53,83
53,84
53,85
53,86
54,-74
54,-73
54,-72
54,-71
54,-65
54,-64
54,-63
54,-59
54,-58
54,-57
54,-56
54,-38
54,-37
54,-36
54,-27
54,-26
54,-25
54,-24
54,-23
54,-22
54,-19
54,-18
54,-17
54,-4
54,-3
54,-2
54,3
54,4
54,5
54,6
54,7
54,13
54,14
54,15
54,19
54,20
54,21
54,22
54,25
54,26
54,27
54,28
54,32
54,33
54,34
54,35
54,39
54,40
54,41
54,42
54,43
54,46
54,47
54,48
54,52
54,53
54,54
54,55
54,56
54,61
54,62
54,63
54,67
54,68
54,69
54,70
54,71
54,75
54,76
54,77
54,78
54,79
54,80
54,83
54,84
54,85
54,86
55,-73
55,-72
55,-71
55,-70
55,-69
55,-66
55,-65
55,-64
55,-63
55,-59
55,-58
55,-57
55,-56
55,-55
55,-54
55,-52
55,-51
55,-50
55,-38
55,-37
55,-36
55,-35
55,-28
55,-27
55,-25
55,-24
55,-23
55,-22
55,-20
55,-19
55,-18
55,-17
55,-14
55,-5
55,-4
55,-3
55,-2
55,3
55,4
55,5
55,6
55,13
55,14
55,15
55,19
55,20
55,21
55,22
55,25
55,26
55,27
55,28
55,32
55,33
55,34
55,35
55,39
55,40
55,41
55,42
55,46
55,47
55,48
55,53
55,54
55,55
55,61
55,62
55,63
55,67
55,68
55,69
55,70
55,74
55,75
55,76
55,77
55,78
55,79
55,83
55,84
55,85
55,86
56,-73
56,-72
56,-71
56,-70
56,-69
56,-68
56,-67
56,-66
56,-65
56,-64
56,-63
56,-62
56,-61
56,-60
56,-58
56,-57
56,-56
56,-55
56,-54
56,-53
56,-52
56,-51
56,-50
56,-41
56,-40
56,-39
56,-38
56,-37
56,-36
56,-35
56,-34
56,-33
56,-32
56,-31
56,-30
56,-29
56,-28
56,-27
56,-25
56,-24
56,-23
56,-22
56,-21
56,-20
56,-19
56,-18
56,-17
56,-16
56,-15
56,-14
56,-7
56,-6
56,-5
56,-4
56,-3
56,-2
56,-1
56,0
56,4
56,5
56,6
56,10
56,11
56,12
56,13
56,14
56,15
56,16
56,17
56,18
56,19
56,20
56,21
56,22
56,23
56,24
56,25
56,26
56,27
56,28
56,29
56,30
56,32
56,33
56,34
56,35
56,36
56,37
56,38
56,39
56,40
56,41
56,42
56,43
56,44
56,45
56,46
56,47
56,48
56,49
56,50
56,51
56,52
56,53
56,54
56,55
56,56
56,60
56,61
56,62
56,63
56,67
56,68
56,69
56,70
56,71
56,72
56,73
56,74
56,75
56,76
56,77
56,78
56,79
56,80
56,81
56,82
56,83
56,84
56,85
56,86
56,87
56,88
57,-71
57,-70
57,-69
57,-68
57,-67
57,-66
57,-65
57,-64
57,-63
57,-62
57,-61
57,-60
57,-57
57,-56
57,-55
57,-54
57,-53
57,-52
57,-41
57,-40
57,-39
57,-38
57,-37
57,-36
57,-35
57,-34
57,-33
57,-32
57,-31
57,-30
57,-29
57,-28
57,-27
57,-24
57,-23
57,-22
57,-21
57,-20
57,-18
57,-17
57,-16
57,-15
57,-7
57,-6
57,-5
57,-4
57,-3
57,-2
57,-1
57,0
57,5
57,6
57,10
57,11
57,12
57,13
57,14
57,15
57,16
57,17
57,18
57,20
57,21
57,22
57,23
57,24
57,25
57,26
57,27
57,28
57,29
57,30
57,33
57,34
57,35
57,36
57,37
57,38
57,40
57,41
57,42
57,43
57,44
57,45
57,46
57,47
57,48
57,49
57,50
57,51
57,52
57,53
57,54
57,55
57,56
57,57
57,59
57,60
57,61
57,62
57,63
57,64
57,66
57,67
57,68
57,69
57,70
57,71
57,72
57,73
57,74
57,75
57,76
57,78
57,79
57,80
57,81
57,82
57,83
57,84
57,85
57,86
57,87
57,88
