-99,-59
-99,-58
-99,-57
-99,-56
-99,-55
-99,-54
-99,-53
-99,-52
-98,-68
-98,-67
-98,-66
-98,-65
-98,-64
-98,-63
-98,-62
-98,-61
-98,-60
-98,-59
-98,-58
-98,-57
-98,-56
-98,-55
-98,-54
-98,-53
-98,-52
-98,-51
-98,-50
-98,-49
-98,-48
-98,-47
-98,-46
-98,-45
-98,-44
-98,-43
-97,-73
-97,-72
-97,-71
-97,-70
-97,-69
-97,-68
-97,-67
-97,-66
-97,-65
-97,-64
-97,-63
-97,-62
-97,-61
-97,-60
-97,-59
-97,-58
-97,-57
-97,-56
-97,-55
-97,-54
-97,-53
-97,-52
-97,-51
-97,-50
-97,-49
-97,-48
-97,-47
-97,-46
-97,-45
-97,-44
-97,-43
-97,-42
-97,-41
-97,-40
-97,-39
-97,-38
-96,-78
-96,-77
-96,-76
-96,-75
-96,-74
-96,-73
-96,-72
-96,-71
-96,-70
-96,-69
-96,-68
-96,-67
-96,-66
-96,-65
-96,-64
-96,-63
-96,-62
-96,-61
-96,-60
-96,-59
-96,-58
-96,-57
-96,-56
-96,-55
-96,-54
-96,-53
-96,-52
-96,-51
-96,-50
-96,-49
-96,-48
-96,-47
-96,-46
-96,-45
-96,-44
-96,-43
-96,-42
-96,-41
-96,-40
-96,-39
-96,-38
-96,-37
-96,-36
-96,-35
-96,-34
-95,-81
-95,-80
-95,-79
-95,-78
-95,-77
-95,-76
-95,-75
-95,-74
-95,-73
-95,-72
-95,-71
-95,-70
-95,-69
-95,-68
-95,-67
-95,-44
-95,-43
-95,-42
-95,-41
-95,-40
-95,-39
-95,-38
-95,-37
-95,-36
-95,-35
-95,-34
-95,-33
-95,-32
-95,-31
-95,-30
-94,-83
-94,-82
-94,-81
-94,-80
-94,-79
-94,-78
-94,-77
-94,-76
-94,-75
-94,-74
-94,-73
-94,-72
-94,-63
-94,-62
-94,-61
-94,-57
-94,-56
-94,-55
-94,-54
-94,-50
-94,-39
-94,-38
-94,-37
-94,-36
-94,-35
-94,-34
-94,-33
-94,-32
-94,-31
-94,-30
-94,-29
-94,-28
-93,-86
-93,-85
-93,-84
-93,-83
-93,-82
-93,-81
-93,-80
-93,-79
-93,-78
-93,-77
-93,-76
-93,-70
-93,-69
-93,-68
-93,-65
-93,-64
-93,-63
-93,-62
-93,-61
-93,-60
-93,-59
-93,-56
-93,-55
-93,-54
-93,-53
-93,-51
-93,-50
-93,-45
-93,-44
-93,-43
-93,-35
-93,-34
-93,-33
-93,-32
-93,-31
-93,-30
-93,-29
-93,-28
-93,-27
-93,-26
-93,-25
-92,-88
-92,-87
-92,-86
-92,-85
-92,-84
-92,-83
-92,-82
-92,-81
-92,-80
-92,-79
-92,-75
-92,-74
-92,-73
-92,-72
-92,-70
-92,-69
-92,-68
-92,-66
-92,-65
-92,-64
-92,-61
-92,-60
-92,-59
-92,-58
-92,-56
-92,-55
-92,-54
-92,-53
-92,-51
-92,-50
-92,-45
-92,-44
-92,-43
-92,-42
-92,-39
-92,-38
-92,-37
-92,-36
-92,-32
-92,-31
-92,-30
-92,-29
-92,-28
-92,-27
-92,-26
-92,-25
-92,-24
-92,-23
-91,-90
-91,-89
-91,-88
-91,-87
-91,-86
-91,-85
-91,-84
-91,-83
-91,-82
-91,-76
-91,-75
-91,-74
-91,-73
-91,-72
-91,-70
-91,-69
-91,-68
-91,-66
-91,-65
-91,-64
-91,-61
-91,-60
-91,-59
-91,-58
-91,-56
-91,-55
-91,-54
-91,-53
-91,-52
-91,-51
-91,-50
-91,-45
-91,-44
-91,-43
-91,-42
-91,-38
-91,-37
-91,-36
-91,-29
-91,-28
-91,-27
-91,-26
-91,-25
-91,-24
-91,-23
-91,-22
-91,-21
-90,-92
-90,-91
-90,-90
-90,-89
-90,-88
-90,-87
-90,-86
-90,-85
-90,-78
-90,-77
-90,-76
-90,-74
-90,-73
-90,-72
-90,-70
-90,-69
-90,-68
-90,-66
-90,-65
-90,-64
-90,-60
-90,-59
-90,-58
-90,-56
-90,-55
-90,-54
-90,-53
-90,-52
-90,-51
-90,-50
-90,-46
-90,-45
-90,-44
-90,-43
-90,-42
-90,-39
-90,-38
-90,-37
-90,-36
-90,-26
-90,-25
-90,-24
-90,-23
-90,-22
-90,-21
-90,-20
-90,-19
-89,-94
-89,-93
-89,-92
-89,-91
-89,-90
-89,-89
-89,-88
-89,-87
-89,-84
-89,-83
-89,-82
-89,-78
-89,-77
-89,-76
-89,-69
-89,-68
-89,-67
-89,-66
-89,-65
-89,-64
-89,-60
-89,-59
-89,-58
-89,-56
-89,-55
-89,-54
-89,-53
-89,-52
-89,-51
-89,-50
-89,-46
-89,-44
-89,-43
-89,-42
-89,-39
-89,-38
-89,-37
-89,-24
-89,-23
-89,-22
-89,-21
-89,-20
-89,-19
-89,-18
-89,-17
-88,-96
-88,-95
-88,-94
-88,-93
-88,-92
-88,-91
-88,-90
-88,-89
-88,-84
-88,-83
-88,-82
-88,-81
-88,-78
-88,-77
-88,-76
-88,-69
-88,-68
-88,-67
-88,-66
-88,-65
-88,-64
-88,-63
-88,-60
-88,-59
-88,-58
-88,-56
-88,-55
-88,-53
-88,-52
-88,-51
-88,-50
-88,-47
-88,-46
-88,-45
-88,-44
-88,-43
-88,-42
-88,-39
-88,-38
-88,-37
-88,-26
-88,-25
-88,-24
-88,-22
-88,-21
-88,-20
-88,-19
-88,-18
-88,-17
-88,-16
-88,-15
-87,-98
-87,-97
-87,-96
-87,-95
-87,-94
-87,-93
-87,-92
-87,-91
-87,-84
-87,-83
-87,-82
-87,-81
-87,-80
-87,-78
-87,-77
-87,-76
-87,-75
-87,-69
-87,-68
-87,-67
-87,-66
-87,-65
-87,-64
-87,-63
-87,-60
-87,-59
-87,-58
-87,-56
-87,-55
-87,-53
-87,-52
-87,-51
-87,-50
-87,-48
-87,-47
-87,-46
-87,-45
-87,-44
-87,-43
-87,-42
-87,-40
-87,-39
-87,-38
-87,-37
-87,-27
-87,-26
-87,-25
-87,-24
-87,-20
-87,-19
-87,-18
-87,-17
-87,-16
-87,-15
-87,-14
-86,-99
-86,-98
-86,-97
-86,-96
-86,-95
-86,-94
-86,-93
-86,-89
-86,-84
-86,-83
-86,-82
-86,-81
-86,-80
-86,-79
-86,-78
-86,-77
-86,-76
-86,-75
-86,-69
-86,-68
-86,-67
-86,-65
-86,-64
-86,-63
-86,-62
-86,-61
-86,-60
-86,-59
-86,-56
-86,-52
-86,-51
-86,-50
-86,-48
-86,-47
-86,-44
-86,-43
-86,-42
-86,-41
-86,-40
-86,-39
-86,-38
-86,-27
-86,-26
-86,-25
-86,-24
-86,-23
-86,-22
-86,-18
-86,-17
-86,-16
-86,-15
-86,-14
-86,-13
-86,-12
-85,-100
-85,-99
-85,-98
-85,-97
-85,-96
-85,-95
-85,-94
-85,-89
-85,-88
-85,-84
-85,-83
-85,-82
-85,-81
-85,-80
-85,-79
-85,-77
-85,-76
-85,-75
-85,-74
-85,-69
-85,-68
-85,-67
-85,-65
-85,-64
-85,-63
-85,-62
-85,-61
-85,-60
-85,-52
-85,-51
-85,-50
-85,-48
-85,-43
-85,-42
-85,-41
-85,-40
-85,-39
-85,-38
-85,-28
-85,-27
-85,-26
-85,-25
-85,-23
-85,-22
-85,-21
-85,-17
-85,-16
-85,-15
-85,-14
-85,-13
-85,-12
-85,-11
-84,-102
-84,-101
-84,-100
-84,-99
-84,-98
-84,-97
-84,-96
-84,-94
-84,-93
-84,-92
-84,-89
-84,-88
-84,-84
-84,-83
-84,-81
-84,-80
-84,-79
-84,-78
-84,-77
-84,-76
-84,-75
-84,-74
-84,-73
-84,-72
-84,-71
-84,-70
-84,-69
-84,-68
-84,-67
-84,-60
-84,-59
-84,-58
-84,-57
-84,-56
-84,-55
-84,-54
-84,-53
-84,-52
-84,-51
-84,-43
-84,-42
-84,-41
-84,-40
-84,-39
-84,-38
-84,-35
-84,-28
-84,-27
-84,-26
-84,-25
-84,-23
-84,-22
-84,-21
-84,-18
-84,-15
-84,-14
-84,-13
-84,-12
-84,-11
-84,-10
-84,-9
-83,-103
-83,-102
-83,-101
-83,-100
-83,-99
-83,-98
-83,-95
-83,-94
-83,-93
-83,-92
-83,-91
-83,-88
-83,-87
-83,-84
-83,-83
-83,-82
-83,-81
-83,-80
-83,-79
-83,-78
-83,-77
-83,-76
-83,-75
-83,-74
-83,-73
-83,-72
-83,-68
-83,-67
-83,-66
-83,-65
-83,-64
-83,-63
-83,-62
-83,-61
-83,-60
-83,-59
-83,-58
-83,-57
-83,-56
-83,-55
-83,-54
-83,-53
-83,-52
-83,-51
-83,-50
-83,-49
-83,-48
-83,-47
-83,-46
-83,-45
-83,-44
-83,-43
-83,-40
-83,-39
-83,-38
-83,-37
-83,-36
-83,-35
-83,-29
-83,-28
-83,-27
-83,-26
-83,-23
-83,-22
-83,-21
-83,-19
-83,-18
-83,-17
-83,-16
-83,-13
-83,-12
-83,-11
-83,-10
-83,-9
-83,-8
-82,-104
-82,-103
-82,-102
-82,-101
-82,-100
-82,-99
-82,-95
-82,-94
-82,-93
-82,-92
-82,-91
-82,-90
-82,-89
-82,-88
-82,-87
-82,-84
-82,-83
-82,-80
-82,-79
-82,-78
-82,-77
-82,-73
-82,-72
-82,-71
-82,-70
-82,-69
-82,-68
-82,-67
-82,-66
-82,-65
-82,-64
-82,-63
-82,-62
-82,-61
-82,-60
-82,-59
-82,-58
-82,-57
-82,-56
-82,-55
-82,-54
-82,-53
-82,-52
-82,-51
-82,-50
-82,-49
-82,-48
-82,-47
-82,-46
-82,-45
-82,-44
-82,-43
-82,-42
-82,-41
-82,-40
-82,-39
-82,-36
-82,-35
-82,-30
-82,-29
-82,-28
-82,-27
-82,-26
-82,-24
-82,-23
-82,-22
-82,-21
-82,-20
-82,-19
-82,-18
-82,-17
-82,-16
-82,-15
-82,-12
-82,-11
-82,-10
-82,-9
-82,-8
-82,-7
-81,-106
-81,-105
-81,-104
-81,-103
-81,-102
-81,-101
-81,-100
-81,-94
-81,-93
-81,-92
-81,-91
-81,-90
-81,-89
-81,-88
-81,-87
-81,-86
-81,-84
-81,-83
-81,-79
-81,-78
-81,-77
-81,-76
-81,-75
-81,-74
-81,-73
-81,-72
-81,-71
-81,-70
-81,-69
-81,-68
-81,-67
-81,-66
-81,-65
-81,-64
-81,-63
-81,-62
-81,-61
-81,-60
-81,-59
-81,-52
-81,-51
-81,-50
-81,-49
-81,-48
-81,-47
-81,-46
-81,-45
-81,-44
-81,-43
-81,-42
-81,-41
-81,-40
-81,-39
-81,-38
-81,-37
-81,-36
-81,-35
-81,-30
-81,-29
-81,-28
-81,-27
-81,-24
-81,-23
-81,-22
-81,-21
-81,-20
-81,-19
-81,-18
-81,-17
-81,-15
-81,-14
-81,-11
-81,-10
-81,-9
-81,-8
-81,-7
-81,-6
-81,-5
-80,-107
-80,-106
-80,-105
-80,-104
-80,-103
-80,-102
-80,-93
-80,-92
-80,-91
-80,-90
-80,-89
-80,-88
-80,-87
-80,-86
-80,-85
-80,-84
-80,-83
-80,-79
-80,-78
-80,-77
-80,-76
-80,-75
-80,-74
-80,-73
-80,-72
-80,-71
-80,-70
-80,-69
-80,-68
-80,-67
-80,-44
-80,-43
-80,-42
-80,-41
-80,-40
-80,-39
-80,-38
-80,-37
-80,-36
-80,-35
-80,-34
-80,-33
-80,-32
-80,-30
-80,-29
-80,-28
-80,-25
-80,-24
-80,-23
-80,-22
-80,-21
-80,-20
-80,-19
-80,-18
-80,-14
-80,-9
-80,-8
-80,-7
-80,-6
-80,-5
-80,-4
-79,-108
-79,-107
-79,-106
-79,-105
-79,-104
-79,-103
-79,-92
-79,-91
-79,-89
-79,-88
-79,-87
-79,-86
-79,-85
-79,-81
-79,-80
-79,-79
-79,-78
-79,-77
-79,-76
-79,-75
-79,-74
-79,-73
-79,-72
-79,-71
-79,-40
-79,-39
-79,-38
-79,-37
-79,-36
-79,-35
-79,-34
-79,-33
-79,-32
-79,-31
-79,-30
-79,-28
-79,-27
-79,-26
-79,-25
-79,-24
-79,-23
-79,-22
-79,-21
-79,-20
-79,-19
-79,-18
-79,-17
-79,-16
-79,-8
-79,-7
-79,-6
-79,-5
-79,-4
-79,-3
-78,-109
-78,-108
-78,-107
-78,-106
-78,-105
-78,-104
-78,-92
-78,-91
-78,-88
-78,-87
-78,-86
-78,-85
-78,-83
-78,-82
-78,-81
-78,-80
-78,-79
-78,-78
-78,-77
-78,-76
-78,-75
-78,-36
-78,-35
-78,-34
-78,-33
-78,-32
-78,-31
-78,-30
-78,-29
-78,-28
-78,-26
-78,-25
-78,-24
-78,-23
-78,-22
-78,-21
-78,-20
-78,-19
-78,-17
-78,-16
-78,-7
-78,-6
-78,-5
-78,-4
-78,-3
-78,-2
-77,-110
-77,-109
-77,-108
-77,-107
-77,-106
-77,-105
-77,-103
-77,-102
-77,-101
-77,-100
-77,-99
-77,-98
-77,-91
-77,-90
-77,-85
-77,-84
-77,-83
-77,-82
-77,-81
-77,-80
-77,-79
-77,-78
-77,-77
-77,-34
-77,-33
-77,-32
-77,-31
-77,-30
-77,-29
-77,-28
-77,-27
-77,-26
-77,-22
-77,-21
-77,-20
-77,-19
-77,-17
-77,-8
-77,-6
-77,-5
-77,-4
-77,-3
-77,-2
-77,-1
-76,-111
-76,-110
-76,-109
-76,-108
-76,-107
-76,-106
-76,-104
-76,-103
-76,-102
-76,-101
-76,-100
-76,-99
-76,-98
-76,-91
-76,-90
-76,-87
-76,-86
-76,-85
-76,-84
-76,-83
-76,-82
-76,-81
-76,-80
-76,-31
-76,-30
-76,-29
-76,-28
-76,-27
-76,-26
-76,-25
-76,-24
-76,-22
-76,-21
-76,-20
-76,-9
-76,-8
-76,-7
-76,-6
-76,-5
-76,-4
-76,-3
-76,-2
-76,-1
-76,0
-75,-112
-75,-111
-75,-110
-75,-109
-75,-108
-75,-106
-75,-105
-75,-104
-75,-103
-75,-101
-75,-100
-75,-99
-75,-98
-75,-97
-75,-89
-75,-88
-75,-87
-75,-86
-75,-85
-75,-84
-75,-83
-75,-82
-75,-29
-75,-28
-75,-27
-75,-26
-75,-25
-75,-24
-75,-23
-75,-22
-75,-21
-75,-20
-75,-19
-75,-18
-75,-17
-75,-10
-75,-9
-75,-8
-75,-7
-75,-6
-75,-3
-75,-2
-75,-1
-75,0
-75,1
-74,-113
-74,-112
-74,-111
-74,-110
-74,-109
-74,-106
-74,-105
-74,-104
-74,-103
-74,-100
-74,-99
-74,-98
-74,-97
-74,-96
-74,-90
-74,-89
-74,-88
-74,-87
-74,-86
-74,-85
-74,-84
-74,-75
-74,-74
-74,-73
-74,-38
-74,-37
-74,-36
-74,-27
-74,-26
-74,-25
-74,-24
-74,-23
-74,-22
-74,-21
-74,-19
-74,-18
-74,-10
-74,-9
-74,-8
-74,-7
-74,-6
-74,-2
-74,-1
-74,0
-74,1
-74,2
-73,-114
-73,-113
-73,-112
-73,-111
-73,-110
-73,-106
-73,-105
-73,-104
-73,-103
-73,-102
-73,-99
-73,-98
-73,-97
-73,-96
-73,-92
-73,-91
-73,-90
-73,-89
-73,-88
-73,-87
-73,-86
-73,-76
-73,-75
-73,-74
-73,-73
-73,-70
-73,-69
-73,-68
-73,-67
-73,-66
-73,-65
-73,-46
-73,-45
-73,-44
-73,-43
-73,-42
-73,-41
-73,-38
-73,-37
-73,-36
-73,-35
-73,-25
-73,-24
-73,-23
-73,-22
-73,-21
-73,-20
-73,-19
-73,-11
-73,-10
-73,-9
-73,-8
-73,-7
-73,-1
-73,0
-73,1
-73,2
-73,3
-72,-115
-72,-114
-72,-113
-72,-112
-72,-111
-72,-105
-72,-104
-72,-103
-72,-102
-72,-101
-72,-98
-72,-97
-72,-96
-72,-93
-72,-92
-72,-91
-72,-90
-72,-89
-72,-88
-72,-87
-72,-83
-72,-82
-72,-81
-72,-77
-72,-76
-72,-75
-72,-74
-72,-73
-72,-72
-72,-71
-72,-70
-72,-69
-72,-68
-72,-67
-72,-66
-72,-65
-72,-64
-72,-47
-72,-46
-72,-45
-72,-44
-72,-43
-72,-42
-72,-41
-72,-40
-72,-39
-72,-38
-72,-37
-72,-36
-72,-35
-72,-34
-72,-30
-72,-29
-72,-28
-72,-24
-72,-23
-72,-22
-72,-21
-72,-20
-72,-19
-72,-18
-72,-12
-72,-11
-72,-10
-72,-9
-72,-8
-72,0
-72,1
-72,2
-72,3
-72,4
-71,-116
-71,-115
-71,-114
-71,-113
-71,-112
-71,-111
-71,-104
-71,-103
-71,-102
-71,-101
-71,-100
-71,-98
-71,-97
-71,-96
-71,-95
-71,-94
-71,-93
-71,-92
-71,-91
-71,-90
-71,-89
-71,-84
-71,-83
-71,-82
-71,-81
-71,-77
-71,-76
-71,-75
-71,-74
-71,-72
-71,-71
-71,-70
-71,-69
-71,-68
-71,-67
-71,-66
-71,-45
-71,-44
-71,-43
-71,-42
-71,-41
-71,-40
-71,-39
-71,-37
-71,-36
-71,-35
-71,-34
-71,-30
-71,-29
-71,-28
-71,-27
-71,-22
-71,-21
-71,-20
-71,-19
-71,-18
-71,-17
-71,-16
-71,-13
-71,-12
-71,-11
-71,-10
-71,-9
-71,0
-71,1
-71,2
-71,3
-71,4
-71,5
-70,-116
-70,-115
-70,-114
-70,-113
-70,-112
-70,-110
-70,-109
-70,-108
-70,-107
-70,-106
-70,-103
-70,-102
-70,-101
-70,-100
-70,-99
-70,-98
-70,-97
-70,-96
-70,-95
-70,-94
-70,-93
-70,-92
-70,-91
-70,-90
-70,-85
-70,-84
-70,-83
-70,-82
-70,-81
-70,-77
-70,-76
-70,-75
-70,-72
-70,-71
-70,-70
-70,-41
-70,-40
-70,-39
-70,-36
-70,-35
-70,-34
-70,-30
-70,-29
-70,-28
-70,-27
-70,-26
-70,-21
-70,-20
-70,-19
-70,-18
-70,-17
-70,-16
-70,-15
-70,-13
-70,-12
-70,-11
-70,-10
-70,1
-70,2
-70,3
-70,4
-70,5
-69,-117
-69,-116
-69,-115
-69,-114
-69,-113
-69,-111
-69,-110
-69,-109
-69,-108
-69,-107
-69,-106
-69,-105
-69,-104
-69,-102
-69,-101
-69,-100
-69,-99
-69,-98
-69,-97
-69,-96
-69,-95
-69,-94
-69,-93
-69,-92
-69,-86
-69,-85
-69,-84
-69,-83
-69,-82
-69,-77
-69,-76
-69,-75
-69,-74
-69,-73
-69,-72
-69,-39
-69,-38
-69,-37
-69,-36
-69,-35
-69,-34
-69,-30
-69,-29
-69,-28
-69,-27
-69,-26
-69,-25
-69,-19
-69,-18
-69,-17
-69,-16
-69,-15
-69,-14
-69,-13
-69,-12
-69,-11
-69,-2
-69,-1
-69,0
-69,2
-69,3
-69,4
-69,5
-69,6
-68,-118
-68,-117
-68,-116
-68,-115
-68,-114
-68,-110
-68,-109
-68,-108
-68,-107
-68,-106
-68,-105
-68,-104
-68,-103
-68,-102
-68,-101
-68,-100
-68,-99
-68,-98
-68,-97
-68,-96
-68,-95
-68,-94
-68,-93
-68,-90
-68,-86
-68,-85
-68,-84
-68,-83
-68,-82
-68,-79
-68,-78
-68,-77
-68,-76
-68,-75
-68,-74
-68,-73
-68,-72
-68,-71
-68,-40
-68,-39
-68,-38
-68,-37
-68,-36
-68,-35
-68,-34
-68,-33
-68,-32
-68,-29
-68,-28
-68,-27
-68,-26
-68,-25
-68,-21
-68,-18
-68,-17
-68,-16
-68,-15
-68,-14
-68,-13
-68,-11
-68,-10
-68,-4
-68,-3
-68,-2
-68,-1
-68,0
-68,3
-68,4
-68,5
-68,6
-68,7
-67,-119
-67,-118
-67,-117
-67,-116
-67,-115
-67,-109
-67,-108
-67,-107
-67,-106
-67,-105
-67,-104
-67,-103
-67,-102
-67,-99
-67,-98
-67,-97
-67,-96
-67,-95
-67,-94
-67,-92
-67,-91
-67,-90
-67,-86
-67,-85
-67,-84
-67,-83
-67,-82
-67,-81
-67,-80
-67,-76
-67,-75
-67,-74
-67,-73
-67,-72
-67,-71
-67,-40
-67,-39
-67,-38
-67,-37
-67,-36
-67,-35
-67,-31
-67,-30
-67,-29
-67,-28
-67,-27
-67,-26
-67,-25
-67,-21
-67,-20
-67,-19
-67,-17
-67,-16
-67,-15
-67,-14
-67,-13
-67,-12
-67,-10
-67,-9
-67,-7
-67,-6
-67,-5
-67,-4
-67,-3
-67,-2
-67,-1
-67,0
-67,4
-67,5
-67,6
-67,7
-67,8
-66,-119
-66,-118
-66,-117
-66,-116
-66,-108
-66,-107
-66,-106
-66,-105
-66,-104
-66,-103
-66,-102
-66,-100
-66,-99
-66,-98
-66,-97
-66,-96
-66,-95
-66,-93
-66,-92
-66,-91
-66,-90
-66,-86
-66,-85
-66,-84
-66,-83
-66,-82
-66,-29
-66,-28
-66,-27
-66,-26
-66,-25
-66,-21
-66,-20
-66,-19
-66,-18
-66,-16
-66,-15
-66,-14
-66,-13
-66,-12
-66,-11
-66,-9
-66,-8
-66,-7
-66,-6
-66,-5
-66,-3
-66,-2
-66,-1
-66,0
-66,5
-66,6
-66,7
-66,8
-65,-120
-65,-119
-65,-118
-65,-117
-65,-116
-65,-114
-65,-113
-65,-112
-65,-111
-65,-108
-65,-107
-65,-106
-65,-101
-65,-100
-65,-99
-65,-98
-65,-97
-65,-93
-65,-92
-65,-91
-65,-90
-65,-86
-65,-85
-65,-84
-65,-83
-65,-82
-65,-81
-65,-80
-65,-31
-65,-30
-65,-29
-65,-28
-65,-27
-65,-26
-65,-25
-65,-21
-65,-20
-65,-19
-65,-18
-65,-15
-65,-14
-65,-13
-65,-12
-65,-11
-65,-10
-65,-8
-65,-5
-65,-4
-65,-3
-65,-2
-65,-1
-65,5
-65,6
-65,7
-65,8
-65,9
-64,-121
-64,-120
-64,-119
-64,-118
-64,-117
-64,-115
-64,-114
-64,-113
-64,-112
-64,-111
-64,-110
-64,-108
-64,-107
-64,-106
-64,-102
-64,-101
-64,-100
-64,-99
-64,-98
-64,-94
-64,-93
-64,-92
-64,-91
-64,-87
-64,-86
-64,-85
-64,-84
-64,-83
-64,-82
-64,-81
-64,-80
-64,-79
-64,-32
-64,-31
-64,-30
-64,-29
-64,-28
-64,-27
-64,-26
-64,-25
-64,-24
-64,-21
-64,-20
-64,-19
-64,-18
-64,-17
-64,-13
-64,-12
-64,-11
-64,-10
-64,-9
-64,-4
-64,-3
-64,-2
-64,-1
-64,6
-64,7
-64,8
-64,9
-64,10
-63,-122
-63,-121
-63,-120
-63,-119
-63,-118
-63,-115
-63,-114
-63,-113
-63,-112
-63,-111
-63,-110
-63,-109
-63,-108
-63,-107
-63,-106
-63,-103
-63,-102
-63,-101
-63,-100
-63,-99
-63,-94
-63,-93
-63,-92
-63,-91
-63,-89
-63,-88
-63,-87
-63,-85
-63,-84
-63,-83
-63,-82
-63,-81
-63,-80
-63,-79
-63,-32
-63,-31
-63,-30
-63,-29
-63,-28
-63,-27
-63,-24
-63,-23
-63,-22
-63,-20
-63,-19
-63,-18
-63,-17
-63,-12
-63,-11
-63,-10
-63,-9
-63,-8
-63,-5
-63,-4
-63,-3
-63,-2
-63,7
-63,8
-63,9
-63,10
-62,-122
-62,-121
-62,-120
-62,-119
-62,-117
-62,-116
-62,-115
-62,-112
-62,-111
-62,-110
-62,-109
-62,-108
-62,-106
-62,-104
-62,-103
-62,-102
-62,-101
-62,-100
-62,-95
-62,-94
-62,-93
-62,-92
-62,-90
-62,-89
-62,-22
-62,-21
-62,-20
-62,-19
-62,-18
-62,-17
-62,-16
-62,-11
-62,-10
-62,-9
-62,-8
-62,-7
-62,-5
-62,-4
-62,-3
-62,-2
-62,8
-62,9
-62,10
-62,11
-61,-123
-61,-122
-61,-121
-61,-120
-61,-119
-61,-117
-61,-116
-61,-115
-61,-114
-61,-111
-61,-110
-61,-109
-61,-108
-61,-105
-61,-104
-61,-103
-61,-102
-61,-101
-61,-99
-61,-98
-61,-95
-61,-94
-61,-93
-61,-92
-61,-91
-61,-90
-61,-21
-61,-20
-61,-19
-61,-18
-61,-17
-61,-16
-61,-13
-61,-11
-61,-10
-61,-9
-61,-8
-61,-7
-61,-6
-61,-5
-61,-4
-61,-3
-61,6
-61,8
-61,9
-61,10
-61,11
-61,12
-60,-123
-60,-122
-60,-121
-60,-120
-60,-117
-60,-116
-60,-115
-60,-114
-60,-113
-60,-110
-60,-109
-60,-108
-60,-106
-60,-105
-60,-104
-60,-103
-60,-102
-60,-101
-60,-100
-60,-99
-60,-98
-60,-95
-60,-94
-60,-93
-60,-92
-60,-91
-60,-90
-60,-89
-60,-88
-60,-87
-60,-86
-60,-25
-60,-24
-60,-23
-60,-22
-60,-21
-60,-20
-60,-19
-60,-18
-60,-17
-60,-16
-60,-13
-60,-12
-60,-11
-60,-10
-60,-9
-60,-8
-60,-7
-60,-6
-60,-5
-60,5
-60,6
-60,7
-60,9
-60,10
-60,11
-60,12
-59,-124
-59,-123
-59,-122
-59,-121
-59,-120
-59,-117
-59,-116
-59,-115
-59,-114
-59,-113
-59,-112
-59,-111
-59,-109
-59,-108
-59,-106
-59,-105
-59,-104
-59,-103
-59,-102
-59,-100
-59,-99
-59,-98
-59,-94
-59,-93
-59,-92
-59,-91
-59,-90
-59,-89
-59,-88
-59,-87
-59,-86
-59,-25
-59,-24
-59,-23
-59,-22
-59,-21
-59,-20
-59,-19
-59,-18
-59,-17
-59,-13
-59,-12
-59,-11
-59,-9
-59,-8
-59,-7
-59,-6
-59,-5
-59,4
-59,5
-59,6
-59,7
-59,9
-59,10
-59,11
-59,12
-59,13
-58,-124
-58,-123
-58,-122
-58,-121
-58,-120
-58,-119
-58,-118
-58,-115
-58,-114
-58,-113
-58,-112
-58,-111
-58,-110
-58,-109
-58,-108
-58,-107
-58,-106
-58,-105
-58,-104
-58,-103
-58,-101
-58,-100
-58,-99
-58,-98
-58,-95
-58,-94
-58,-93
-58,-92
-58,-91
-58,-90
-58,-89
-58,-88
-58,-87
-58,-86
-58,-25
-58,-24
-58,-23
-58,-22
-58,-21
-58,-20
-58,-19
-58,-18
-58,-17
-58,-16
-58,-13
-58,-12
-58,-11
-58,-8
-58,-7
-58,-6
-58,-5
-58,-4
-58,2
-58,3
-58,4
-58,5
-58,6
-58,7
-58,10
-58,11
-58,12
-58,13
-57,-125
-57,-124
-57,-123
-57,-122
-57,-120
-57,-119
-57,-118
-57,-117
-57,-116
-57,-114
-57,-113
-57,-112
-57,-111
-57,-110
-57,-109
-57,-108
-57,-107
-57,-106
-57,-105
-57,-104
-57,-101
-57,-100
-57,-99
-57,-98
-57,-97
-57,-96
-57,-95
-57,-93
-57,-92
-57,-91
-57,-90
-57,-89
-57,-22
-57,-21
-57,-20
-57,-19
-57,-18
-57,-16
-57,-15
-57,-14
-57,-13
-57,-12
-57,-11
-57,-10
-57,-7
-57,-6
-57,-5
-57,-4
-57,-3
-57,1
-57,2
-57,3
-57,4
-57,5
-57,6
-57,7
-57,11
-57,12
-57,13
-57,14
-56,-125
-56,-124
-56,-123
-56,-122
-56,-120
-56,-119
-56,-118
-56,-117
-56,-116
-56,-115
-56,-114
-56,-113
-56,-112
-56,-111
-56,-110
-56,-108
-56,-107
-56,-106
-56,-105
-56,-101
-56,-100
-56,-99
-56,-98
-56,-97
-56,-96
-56,-95
-56,-16
-56,-15
-56,-14
-56,-13
-56,-12
-56,-11
-56,-10
-56,-6
-56,-5
-56,-4
-56,-3
-56,-1
-56,0
-56,1
-56,2
-56,3
-56,4
-56,5
-56,6
-56,11
-56,12
-56,13
-56,14
-55,-126
-55,-125
-55,-124
-55,-123
-55,-119
-55,-118
-55,-117
-55,-116
-55,-115
-55,-114
-55,-113
-55,-109
-55,-108
-55,-107
-55,-106
-55,-105
-55,-102
-55,-101
-55,-100
-55,-99
-55,-98
-55,-97
-55,-96
-55,-95
-55,-16
-55,-15
-55,-14
-55,-13
-55,-12
-55,-11
-55,-10
-55,-6
-55,-5
-55,-4
-55,-3
-55,-2
-55,2
-55,3
-55,4
-55,5
-55,12
-55,13
-55,14
-55,15
-54,-126
-54,-125
-54,-124
-54,-123
-54,-121
-54,-117
-54,-116
-54,-115
-54,-114
-54,-113
-54,-112
-54,-110
-54,-109
-54,-108
-54,-107
-54,-106
-54,-102
-54,-101
-54,-100
-54,-99
-54,-98
-54,-97
-54,-96
-54,-95
-54,-94
-54,-93
-54,-92
-54,-19
-54,-18
-54,-17
-54,-16
-54,-15
-54,-14
-54,-13
-54,-12
-54,-11
-54,-10
-54,-9
-54,-5
-54,-4
-54,-3
-54,-2
-54,-1
-54,1
-54,2
-54,3
-54,4
-54,6
-54,7
-54,8
-54,9
-54,10
-54,11
-54,12
-54,13
-54,14
-54,15
-53,-127
-53,-126
-53,-125
-53,-124
-53,-122
-53,-121
-53,-115
-53,-114
-53,-113
-53,-112
-53,-110
-53,-109
-53,-108
-53,-107
-53,-102
-53,-101
-53,-100
-53,-99
-53,-98
-53,-97
-53,-96
-53,-95
-53,-94
-53,-93
-53,-92
-53,-19
-53,-18
-53,-17
-53,-16
-53,-15
-53,-14
-53,-13
-53,-12
-53,-11
-53,-10
-53,-9
-53,-4
-53,-3
-53,-2
-53,-1
-53,1
-53,2
-53,3
-53,4
-53,5
-53,6
-53,7
-53,8
-53,9
-53,10
-53,11
-53,13
-53,14
-53,15
-53,16
-52,-127
-52,-126
-52,-125
-52,-124
-52,-122
-52,-121
-52,-118
-52,-117
-52,-116
-52,-115
-52,-114
-52,-113
-52,-112
-52,-111
-52,-110
-52,-109
-52,-108
-52,-107
-52,-105
-52,-102
-52,-101
-52,-100
-52,-99
-52,-98
-52,-97
-52,-96
-52,-95
-52,-94
-52,-93
-52,-92
-52,-19
-52,-18
-52,-17
-52,-16
-52,-15
-52,-14
-52,-13
-52,-12
-52,-11
-52,-10
-52,-9
-52,-6
-52,-4
-52,-3
-52,-2
-52,-1
-52,0
-52,1
-52,2
-52,3
-52,5
-52,6
-52,7
-52,8
-52,9
-52,10
-52,11
-52,13
-52,14
-52,15
-52,16
-51,-128
-51,-127
-51,-126
-51,-125
-51,-123
-51,-122
-51,-121
-51,-120
-51,-119
-51,-118
-51,-117
-51,-116
-51,-115
-51,-114
-51,-111
-51,-110
-51,-109
-51,-108
-51,-106
-51,-105
-51,-104
-51,-102
-51,-101
-51,-100
-51,-99
-51,-98
-51,-97
-51,-96
-51,-95
-51,-94
-51,-93
-51,-18
-51,-17
-51,-16
-51,-15
-51,-14
-51,-13
-51,-12
-51,-11
-51,-10
-51,-9
-51,-7
-51,-6
-51,-5
-51,-3
-51,-2
-51,-1
-51,0
-51,3
-51,4
-51,5
-51,6
-51,7
-51,8
-51,9
-51,14
-51,15
-51,16
-51,17
-50,-128
-50,-127
-50,-126
-50,-125
-50,-123
-50,-122
-50,-121
-50,-120
-50,-119
-50,-118
-50,-117
-50,-116
-50,-115
-50,-114
-50,-112
-50,-111
-50,-110
-50,-109
-50,-106
-50,-105
-50,-104
-50,-102
-50,-101
-50,-100
-50,-99
-50,-98
-50,-97
-50,-96
-50,-95
-50,-16
-50,-15
-50,-14
-50,-13
-50,-12
-50,-11
-50,-10
-50,-9
-50,-7
-50,-6
-50,-5
-50,-2
-50,-1
-50,0
-50,1
-50,3
-50,4
-50,5
-50,6
-50,7
-50,14
-50,15
-50,16
-50,17
-49,-128
-49,-127
-49,-126
-49,-123
-49,-122
-49,-121
-49,-120
-49,-119
-49,-118
-49,-117
-49,-114
-49,-112
-49,-111
-49,-110
-49,-109
-49,-107
-49,-106
-49,-105
-49,-104
-49,-103
-49,-102
-49,-101
-49,-100
-49,-99
-49,-98
-49,-97
-49,-14
-49,-13
-49,-12
-49,-11
-49,-10
-49,-9
-49,-7
-49,-6
-49,-5
-49,-2
-49,-1
-49,0
-49,1
-49,3
-49,4
-49,5
-49,6
-49,15
-49,16
-49,17
-48,-129
-48,-128
-48,-127
-48,-126
-48,-122
-48,-121
-48,-120
-48,-119
-48,-115
-48,-114
-48,-113
-48,-112
-48,-111
-48,-110
-48,-107
-48,-106
-48,-105
-48,-104
-48,-103
-48,-102
-48,-101
-48,-100
-48,-11
-48,-10
-48,-9
-48,-7
-48,-6
-48,-5
-48,-4
-48,-1
-48,0
-48,1
-48,2
-48,11
-48,12
-48,13
-48,15
-48,16
-48,17
-48,18
-47,-129
-47,-128
-47,-127
-47,-126
-47,-124
-47,-123
-47,-122
-47,-121
-47,-116
-47,-115
-47,-113
-47,-112
-47,-111
-47,-110
-47,-107
-47,-106
-47,-105
-47,-104
-47,-103
-47,-102
-47,-101
-47,-9
-47,-8
-47,-7
-47,-6
-47,-5
-47,-4
-47,-1
-47,0
-47,1
-47,2
-47,4
-47,5
-47,6
-47,7
-47,8
-47,9
-47,10
-47,11
-47,12
-47,13
-47,15
-47,16
-47,17
-47,18
-46,-130
-46,-129
-46,-128
-46,-127
-46,-124
-46,-123
-46,-122
-46,-121
-46,-120
-46,-116
-46,-115
-46,-114
-46,-113
-46,-112
-46,-111
-46,-107
-46,-106
-46,-105
-46,-104
-46,-103
-46,-102
-46,-100
-46,-99
-46,-98
-46,-97
-46,-14
-46,-13
-46,-12
-46,-11
-46,-9
-46,-8
-46,-7
-46,-6
-46,-5
-46,-4
-46,0
-46,1
-46,2
-46,3
-46,7
-46,8
-46,9
-46,10
-46,11
-46,12
-46,13
-46,16
-46,17
-46,18
-45,-130
-45,-129
-45,-128
-45,-127
-45,-125
-45,-124
-45,-123
-45,-122
-45,-121
-45,-120
-45,-119
-45,-118
-45,-117
-45,-116
-45,-114
-45,-113
-45,-112
-45,-111
-45,-107
-45,-106
-45,-105
-45,-104
-45,-103
-45,-102
-45,-101
-45,-100
-45,-99
-45,-98
-45,-97
-45,-14
-45,-13
-45,-12
-45,-11
-45,-10
-45,-8
-45,-7
-45,-6
-45,-5
-45,-4
-45,0
-45,1
-45,2
-45,3
-45,7
-45,8
-45,9
-45,10
-45,11
-45,12
-45,13
-45,16
-45,17
-45,18
-45,19
-44,-130
-44,-129
-44,-128
-44,-126
-44,-125
-44,-124
-44,-122
-44,-121
-44,-120
-44,-119
-44,-118
-44,-117
-44,-116
-44,-115
-44,-114
-44,-113
-44,-112
-44,-107
-44,-106
-44,-105
-44,-104
-44,-103
-44,-102
-44,-101
-44,-100
-44,-99
-44,-98
-44,-97
-44,-14
-44,-13
-44,-12
-44,-11
-44,-10
-44,-9
-44,-8
-44,-7
-44,-6
-44,-5
-44,-4
-44,1
-44,2
-44,3
-44,7
-44,8
-44,9
-44,10
-44,11
-44,12
-44,16
-44,17
-44,18
-44,19
-43,-131
-43,-130
-43,-129
-43,-128
-43,-126
-43,-125
-43,-124
-43,-123
-43,-122
-43,-121
-43,-120
-43,-119
-43,-118
-43,-117
-43,-116
-43,-115
-43,-114
-43,-113
-43,-112
-43,-107
-43,-106
-43,-105
-43,-104
-43,-103
-43,-102
-43,-101
-43,-100
-43,-99
-43,-98
-43,-13
-43,-12
-43,-11
-43,-10
-43,-9
-43,-8
-43,-7
-43,-6
-43,-5
-43,-4
-43,1
-43,2
-43,3
-43,4
-43,6
-43,7
-43,8
-43,9
-43,10
-43,17
-43,18
-43,19
-42,-131
-42,-130
-42,-129
-42,-128
-42,-126
-42,-125
-42,-124
-42,-123
-42,-122
-42,-121
-42,-120
-42,-119
-42,-115
-42,-114
-42,-113
-42,-112
-42,-110
-42,-107
-42,-106
-42,-105
-42,-104
-42,-103
-42,-102
-42,-101
-42,-100
-42,-99
-42,-12
-42,-11
-42,-10
-42,-9
-42,-8
-42,-7
-42,-6
-42,-5
-42,-4
-42,-1
-42,1
-42,2
-42,3
-42,4
-42,6
-42,7
-42,8
-42,9
-42,13
-42,14
-42,15
-42,17
-42,18
-42,19
-42,20
-41,-131
-41,-130
-41,-129
-41,-128
-41,-126
-41,-125
-41,-124
-41,-123
-41,-122
-41,-121
-41,-120
-41,-119
-41,-118
-41,-117
-41,-116
-41,-115
-41,-114
-41,-113
-41,-111
-41,-110
-41,-109
-41,-107
-41,-106
-41,-105
-41,-104
-41,-103
-41,-102
-41,-101
-41,-100
-41,-11
-41,-10
-41,-9
-41,-8
-41,-7
-41,-6
-41,-5
-41,-4
-41,-2
-41,-1
-41,2
-41,3
-41,4
-41,5
-41,6
-41,7
-41,8
-41,14
-41,15
-41,17
-41,18
-41,19
-41,20
-40,-131
-40,-130
-40,-129
-40,-122
-40,-121
-40,-120
-40,-119
-40,-118
-40,-117
-40,-116
-40,-115
-40,-114
-40,-113
-40,-111
-40,-110
-40,-109
-40,-106
-40,-105
-40,-104
-40,-103
-40,-102
-40,-101
-40,-10
-40,-9
-40,-8
-40,-7
-40,-6
-40,-5
-40,-2
-40,-1
-40,0
-40,2
-40,3
-40,4
-40,5
-40,12
-40,13
-40,14
-40,15
-40,16
-40,18
-40,19
-40,20
-39,-132
-39,-131
-39,-130
-39,-129
-39,-127
-39,-126
-39,-125
-39,-119
-39,-118
-39,-117
-39,-116
-39,-115
-39,-114
-39,-111
-39,-110
-39,-109
-39,-106
-39,-105
-39,-104
-39,-103
-39,-102
-39,-9
-39,-8
-39,-7
-39,-6
-39,-5
-39,-2
-39,-1
-39,0
-39,2
-39,3
-39,4
-39,5
-39,9
-39,10
-39,11
-39,12
-39,13
-39,14
-39,15
-39,16
-39,18
-39,19
-39,20
-38,-132
-38,-131
-38,-130
-38,-129
-38,-127
-38,-126
-38,-124
-38,-123
-38,-122
-38,-120
-38,-119
-38,-117
-38,-116
-38,-115
-38,-114
-38,-111
-38,-110
-38,-109
-38,-108
-38,-106
-38,-105
-38,-6
-38,-5
-38,-3
-38,-2
-38,-1
-38,0
-38,3
-38,4
-38,5
-38,7
-38,8
-38,9
-38,10
-38,11
-38,12
-38,13
-38,14
-38,15
-38,16
-38,18
-38,19
-38,20
-38,21
-37,-132
-37,-131
-37,-130
-37,-129
-37,-127
-37,-123
-37,-122
-37,-119
-37,-118
-37,-117
-37,-116
-37,-115
-37,-114
-37,-111
-37,-110
-37,-109
-37,-108
-37,-107
-37,-106
-37,-103
-37,-102
-37,-101
-37,-100
-37,-11
-37,-10
-37,-9
-37,-8
-37,-5
-37,-3
-37,-2
-37,-1
-37,0
-37,3
-37,4
-37,5
-37,6
-37,7
-37,8
-37,9
-37,10
-37,11
-37,12
-37,13
-37,15
-37,16
-37,18
-37,19
-37,20
-37,21
-36,-132
-36,-131
-36,-130
-36,-128
-36,-127
-36,-126
-36,-125
-36,-124
-36,-123
-36,-119
-36,-117
-36,-116
-36,-115
-36,-114
-36,-111
-36,-110
-36,-109
-36,-108
-36,-107
-36,-106
-36,-104
-36,-103
-36,-102
-36,-101
-36,-10
-36,-9
-36,-8
-36,-7
-36,-5
-36,-4
-36,-3
-36,-2
-36,-1
-36,0
-36,3
-36,4
-36,5
-36,6
-36,7
-36,8
-36,9
-36,15
-36,16
-36,19
-36,20
-36,21
-35,-132
-35,-131
-35,-130
-35,-128
-35,-127
-35,-126
-35,-125
-35,-124
-35,-123
-35,-122
-35,-121
-35,-120
-35,-119
-35,-117
-35,-116
-35,-115
-35,-111
-35,-110
-35,-109
-35,-108
-35,-107
-35,-106
-35,-105
-35,-104
-35,-103
-35,-102
-35,-101
-35,-10
-35,-9
-35,-8
-35,-7
-35,-6
-35,-5
-35,-4
-35,-3
-35,-2
-35,-1
-35,0
-35,4
-35,5
-35,6
-35,19
-35,20
-35,21
-34,-132
-34,-131
-34,-130
-34,-128
-34,-127
-34,-126
-34,-125
-34,-124
-34,-123
-34,-122
-34,-121
-34,-120
-34,-119
-34,-117
-34,-116
-34,-115
-34,-111
-34,-110
-34,-109
-34,-108
-34,-107
-34,-106
-34,-105
-34,-104
-34,-103
-34,-102
-34,-101
-34,-10
-34,-9
-34,-8
-34,-7
-34,-6
-34,-5
-34,-4
-34,-3
-34,-2
-34,-1
-34,0
-34,4
-34,5
-34,6
-34,9
-34,19
-34,20
-34,21
-33,-133
-33,-132
-33,-131
-33,-130
-33,-124
-33,-123
-33,-122
-33,-121
-33,-120
-33,-119
-33,-118
-33,-117
-33,-116
-33,-115
-33,-111
-33,-110
-33,-109
-33,-108
-33,-107
-33,-106
-33,-105
-33,-104
-33,-103
-33,-102
-33,-9
-33,-8
-33,-7
-33,-6
-33,-5
-33,-4
-33,-3
-33,-2
-33,-1
-33,0
-33,4
-33,5
-33,6
-33,7
-33,8
-33,9
-33,10
-33,11
-33,12
-33,13
-33,19
-33,20
-33,21
-33,22
-32,-133
-32,-132
-32,-131
-32,-130
-32,-128
-32,-127
-32,-118
-32,-117
-32,-116
-32,-115
-32,-110
-32,-109
-32,-108
-32,-107
-32,-106
-32,-105
-32,-104
-32,-103
-32,-8
-32,-7
-32,-6
-32,-5
-32,-4
-32,-3
-32,-2
-32,-1
-32,4
-32,5
-32,6
-32,7
-32,11
-32,12
-32,13
-32,14
-32,15
-32,16
-32,17
-32,19
-32,20
-32,21
-32,22
-31,-133
-31,-132
-31,-131
-31,-128
-31,-127
-31,-126
-31,-125
-31,-118
-31,-117
-31,-116
-31,-110
-31,-109
-31,-108
-31,-107
-31,-106
-31,-105
-31,-104
-31,-103
-31,-8
-31,-7
-31,-6
-31,-5
-31,-4
-31,-3
-31,-2
-31,-1
-31,5
-31,6
-31,7
-31,11
-31,12
-31,13
-31,14
-31,15
-31,16
-31,17
-31,20
-31,21
-31,22
-30,-133
-30,-132
-30,-131
-30,-126
-30,-125
-30,-124
-30,-123
-30,-118
-30,-117
-30,-116
-30,-113
-30,-110
-30,-109
-30,-108
-30,-107
-30,-106
-30,-105
-30,-104
-30,-93
-30,-92
-30,-91
-30,-65
-30,-64
-30,-63
-30,-58
-30,-57
-30,-56
-30,-7
-30,-6
-30,-5
-30,-4
-30,-3
-30,-2
-30,-1
-30,2
-30,5
-30,6
-30,7
-30,11
-30,12
-30,13
-30,14
-30,15
-30,16
-30,17
-30,20
-30,21
-30,22
-29,-133
-29,-132
-29,-131
-29,-123
-29,-122
-29,-121
-29,-120
-29,-118
-29,-117
-29,-116
-29,-113
-29,-112
-29,-111
-29,-110
-29,-109
-29,-108
-29,-107
-29,-106
-29,-105
-29,-96
-29,-95
-29,-94
-29,-93
-29,-92
-29,-91
-29,-90
-29,-83
-29,-82
-29,-81
-29,-79
-29,-78
-29,-77
-29,-76
-29,-75
-29,-74
-29,-73
-29,-72
-29,-65
-29,-64
-29,-63
-29,-61
-29,-60
-29,-59
-29,-58
-29,-57
-29,-56
-29,-35
-29,-34
-29,-33
-29,-32
-29,-31
-29,-30
-29,-29
-29,-28
-29,-19
-29,-18
-29,-17
-29,-16
-29,-15
-29,-7
-29,-6
-29,-5
-29,-4
-29,-3
-29,-2
-29,-1
-29,0
-29,1
-29,2
-29,5
-29,6
-29,7
-29,10
-29,11
-29,12
-29,13
-29,14
-29,15
-29,16
-29,20
-29,21
-29,22
-28,-133
-28,-132
-28,-131
-28,-126
-28,-125
-28,-124
-28,-123
-28,-122
-28,-121
-28,-120
-28,-118
-28,-117
-28,-116
-28,-113
-28,-112
-28,-111
-28,-108
-28,-107
-28,-104
-28,-103
-28,-102
-28,-95
-28,-94
-28,-93
-28,-92
-28,-91
-28,-90
-28,-83
-28,-82
-28,-81
-28,-77
-28,-76
-28,-75
-28,-74
-28,-73
-28,-72
-28,-65
-28,-64
-28,-63
-28,-61
-28,-60
-28,-59
-28,-58
-28,-57
-28,-56
-28,-33
-28,-32
-28,-31
-28,-30
-28,-29
-28,-28
-28,-20
-28,-19
-28,-18
-28,-17
-28,-16
-28,-15
-28,-9
-28,-8
-28,-7
-28,-4
-28,-3
-28,-2
-28,0
-28,1
-28,2
-28,5
-28,6
-28,7
-28,9
-28,10
-28,11
-28,12
-28,13
-28,14
-28,20
-28,21
-28,22
-27,-133
-27,-132
-27,-131
-27,-129
-27,-128
-27,-127
-27,-126
-27,-125
-27,-124
-27,-123
-27,-122
-27,-121
-27,-120
-27,-118
-27,-117
-27,-116
-27,-113
-27,-112
-27,-111
-27,-108
-27,-105
-27,-104
-27,-103
-27,-102
-27,-94
-27,-93
-27,-92
-27,-91
-27,-90
-27,-83
-27,-82
-27,-81
-27,-77
-27,-76
-27,-75
-27,-74
-27,-73
-27,-72
-27,-71
-27,-65
-27,-64
-27,-63
-27,-59
-27,-58
-27,-57
-27,-56
-27,-33
-27,-32
-27,-31
-27,-30
-27,-29
-27,-28
-27,-20
-27,-19
-27,-18
-27,-17
-27,-16
-27,-15
-27,-9
-27,-8
-27,-7
-27,-6
-27,-4
-27,-3
-27,0
-27,1
-27,2
-27,5
-27,6
-27,7
-27,9
-27,10
-27,11
-27,12
-27,20
-27,21
-27,22
-26,-133
-26,-132
-26,-131
-26,-129
-26,-128
-26,-127
-26,-126
-26,-125
-26,-124
-26,-123
-26,-122
-26,-121
-26,-118
-26,-117
-26,-116
-26,-113
-26,-112
-26,-111
-26,-110
-26,-108
-26,-105
-26,-104
-26,-103
-26,-102
-26,-94
-26,-93
-26,-92
-26,-91
-26,-90
-26,-83
-26,-82
-26,-81
-26,-76
-26,-75
-26,-74
-26,-73
-26,-72
-26,-71
-26,-65
-26,-64
-26,-63
-26,-59
-26,-58
-26,-57
-26,-56
-26,-32
-26,-31
-26,-30
-26,-29
-26,-28
-26,-27
-26,-20
-26,-19
-26,-18
-26,-17
-26,-16
-26,-15
-26,-9
-26,-8
-26,-7
-26,-6
-26,-3
-26,-1
-26,0
-26,1
-26,2
-26,5
-26,6
-26,7
-26,16
-26,17
-26,18
-26,20
-26,21
-26,22
-25,-134
-25,-133
-25,-132
-25,-131
-25,-129
-25,-128
-25,-127
-25,-126
-25,-119
-25,-118
-25,-117
-25,-116
-25,-113
-25,-112
-25,-111
-25,-110
-25,-108
-25,-106
-25,-105
-25,-104
-25,-103
-25,-94
-25,-93
-25,-92
-25,-91
-25,-90
-25,-83
-25,-82
-25,-81
-25,-76
-25,-75
-25,-74
-25,-73
-25,-72
-25,-71
-25,-70
-25,-65
-25,-64
-25,-63
-25,-59
-25,-58
-25,-57
-25,-56
-25,-32
-25,-31
-25,-30
-25,-29
-25,-28
-25,-27
-25,-21
-25,-20
-25,-19
-25,-18
-25,-17
-25,-16
-25,-15
-25,-9
-25,-8
-25,-7
-25,-6
-25,-5
-25,-3
-25,-1
-25,0
-25,1
-25,2
-25,5
-25,6
-25,7
-25,8
-25,9
-25,10
-25,11
-25,12
-25,13
-25,14
-25,15
-25,16
-25,17
-25,18
-25,20
-25,21
-25,22
-24,-134
-24,-133
-24,-132
-24,-131
-24,-119
-24,-118
-24,-117
-24,-116
-24,-113
-24,-112
-24,-111
-24,-110
-24,-108
-24,-106
-24,-105
-24,-104
-24,-103
-24,-94
-24,-93
-24,-92
-24,-91
-24,-90
-24,-83
-24,-82
-24,-81
-24,-76
-24,-75
-24,-74
-24,-73
-24,-72
-24,-71
-24,-70
-24,-65
-24,-64
-24,-63
-24,-59
-24,-58
-24,-57
-24,-56
-24,-45
-24,-44
-24,-43
-24,-42
-24,-41
-24,-40
-24,-39
-24,-38
-24,-37
-24,-32
-24,-31
-24,-30
-24,-29
-24,-28
-24,-27
-24,-21
-24,-20
-24,-19
-24,-18
-24,-17
-24,-16
-24,-15
-24,-8
-24,-7
-24,-6
-24,-5
-24,-3
-24,-1
-24,0
-24,1
-24,2
-24,5
-24,6
-24,7
-24,8
-24,10
-24,11
-24,12
-24,13
-24,14
-24,15
-24,16
-24,17
-24,18
-24,20
-24,21
-24,22
-23,-134
-23,-133
-23,-132
-23,-131
-23,-129
-23,-128
-23,-127
-23,-126
-23,-125
-23,-124
-23,-123
-23,-122
-23,-121
-23,-120
-23,-119
-23,-118
-23,-117
-23,-112
-23,-111
-23,-110
-23,-109
-23,-108
-23,-107
-23,-106
-23,-105
-23,-104
-23,-103
-23,-94
-23,-93
-23,-92
-23,-91
-23,-90
-23,-83
-23,-82
-23,-81
-23,-76
-23,-75
-23,-74
-23,-73
-23,-72
-23,-71
-23,-70
-23,-69
-23,-65
-23,-64
-23,-63
-23,-59
-23,-58
-23,-57
-23,-56
-23,-45
-23,-44
-23,-43
-23,-42
-23,-41
-23,-40
-23,-39
-23,-38
-23,-37
-23,-32
-23,-31
-23,-30
-23,-29
-23,-28
-23,-27
-23,-26
-23,-21
-23,-20
-23,-19
-23,-18
-23,-17
-23,-16
-23,-15
-23,-8
-23,-7
-23,-6
-23,-5
-23,-3
-23,-2
-23,-1
-23,0
-23,1
-23,5
-23,6
-23,7
-23,8
-23,13
-23,14
-23,15
-23,16
-23,17
-23,18
-23,20
-23,21
-23,22
-22,-134
-22,-133
-22,-132
-22,-131
-22,-129
-22,-128
-22,-127
-22,-126
-22,-125
-22,-124
-22,-123
-22,-122
-22,-121
-22,-120
-22,-119
-22,-118
-22,-117
-22,-112
-22,-111
-22,-110
-22,-109
-22,-108
-22,-107
-22,-106
-22,-105
-22,-104
-22,-94
-22,-93
-22,-92
-22,-91
-22,-90
-22,-83
-22,-82
-22,-81
-22,-76
-22,-75
-22,-74
-22,-72
-22,-71
-22,-70
-22,-69
-22,-68
-22,-65
-22,-64
-22,-63
-22,-59
-22,-58
-22,-57
-22,-56
-22,-46
-22,-45
-22,-44
-22,-43
-22,-42
-22,-40
-22,-39
-22,-38
-22,-37
-22,-32
-22,-31
-22,-30
-22,-29
-22,-28
-22,-27
-22,-26
-22,-22
-22,-21
-22,-20
-22,-19
-22,-18
-22,-17
-22,-16
-22,-15
-22,-7
-22,-6
-22,-5
-22,-4
-22,-3
-22,-2
-22,-1
-22,0
-22,1
-22,6
-22,7
-22,8
-22,11
-22,12
-22,13
-22,14
-22,15
-22,16
-22,20
-22,21
-22,22
-22,23
-21,-134
-21,-133
-21,-132
-21,-131
-21,-129
-21,-128
-21,-127
-21,-126
-21,-125
-21,-124
-21,-123
-21,-122
-21,-121
-21,-120
-21,-119
-21,-118
-21,-117
-21,-112
-21,-111
-21,-110
-21,-109
-21,-108
-21,-107
-21,-106
-21,-105
-21,-104
-21,-94
-21,-93
-21,-92
-21,-91
-21,-90
-21,-83
-21,-82
-21,-81
-21,-76
-21,-75
-21,-74
-21,-72
-21,-71
-21,-70
-21,-69
-21,-68
-21,-65
-21,-64
-21,-63
-21,-59
-21,-58
-21,-57
-21,-56
-21,-46
-21,-45
-21,-44
-21,-43
-21,-42
-21,-39
-21,-38
-21,-37
-21,-36
-21,-32
-21,-31
-21,-30
-21,-29
-21,-28
-21,-27
-21,-26
-21,-22
-21,-21
-21,-20
-21,-19
-21,-18
-21,-17
-21,-16
-21,-15
-21,-7
-21,-6
-21,-5
-21,-4
-21,-3
-21,-2
-21,-1
-21,0
-21,1
-21,6
-21,7
-21,8
-21,10
-21,11
-21,12
-21,13
-21,14
-21,15
-21,20
-21,21
-21,22
-21,23
-20,-134
-20,-133
-20,-132
-20,-131
-20,-119
-20,-118
-20,-117
-20,-112
-20,-111
-20,-110
-20,-109
-20,-108
-20,-107
-20,-106
-20,-105
-20,-104
-20,-94
-20,-93
-20,-92
-20,-91
-20,-90
-20,-83
-20,-82
-20,-81
-20,-76
-20,-75
-20,-74
-20,-71
-20,-70
-20,-69
-20,-68
-20,-67
-20,-65
-20,-64
-20,-63
-20,-59
-20,-58
-20,-57
-20,-56
-20,-46
-20,-45
-20,-44
-20,-43
-20,-39
-20,-38
-20,-37
-20,-36
-20,-32
-20,-31
-20,-30
-20,-29
-20,-28
-20,-27
-20,-26
-20,-25
-20,-22
-20,-21
-20,-20
-20,-18
-20,-17
-20,-16
-20,-15
-20,-7
-20,-6
-20,-5
-20,-4
-20,-3
-20,-2
-20,-1
-20,0
-20,1
-20,6
-20,7
-20,8
-20,10
-20,11
-20,12
-20,13
-20,14
-20,15
-20,16
-20,17
-20,18
-20,20
-20,21
-20,22
-20,23
-19,-134
-19,-133
-19,-132
-19,-131
-19,-123
-19,-122
-19,-121
-19,-120
-19,-119
-19,-118
-19,-117
-19,-111
-19,-110
-19,-109
-19,-108
-19,-107
-19,-106
-19,-105
-19,-102
-19,-94
-19,-93
-19,-92
-19,-91
-19,-90
-19,-83
-19,-82
-19,-81
-19,-76
-19,-75
-19,-74
-19,-71
-19,-70
-19,-69
-19,-68
-19,-67
-19,-65
-19,-64
-19,-63
-19,-59
-19,-58
-19,-57
-19,-56
-19,-41
-19,-40
-19,-39
-19,-38
-19,-37
-19,-36
-19,-32
-19,-31
-19,-30
-19,-28
-19,-27
-19,-26
-19,-25
-19,-23
-19,-22
-19,-21
-19,-20
-19,-18
-19,-17
-19,-16
-19,-15
-19,-9
-19,-6
-19,-5
-19,-4
-19,-3
-19,-2
-19,-1
-19,0
-19,6
-19,7
-19,8
-19,10
-19,11
-19,12
-19,13
-19,14
-19,15
-19,16
-19,17
-19,18
-19,20
-19,21
-19,22
-19,23
-18,-134
-18,-133
-18,-132
-18,-131
-18,-129
-18,-128
-18,-127
-18,-126
-18,-125
-18,-124
-18,-123
-18,-122
-18,-121
-18,-120
-18,-119
-18,-118
-18,-117
-18,-114
-18,-111
-18,-110
-18,-109
-18,-108
-18,-107
-18,-106
-18,-105
-18,-104
-18,-103
-18,-102
-18,-94
-18,-93
-18,-92
-18,-91
-18,-90
-18,-83
-18,-82
-18,-81
-18,-76
-18,-75
-18,-74
-18,-70
-18,-69
-18,-68
-18,-67
-18,-66
-18,-65
-18,-64
-18,-63
-18,-59
-18,-58
-18,-57
-18,-56
-18,-45
-18,-44
-18,-43
-18,-42
-18,-41
-18,-40
-18,-39
-18,-38
-18,-37
-18,-36
-18,-32
-18,-31
-18,-30
-18,-28
-18,-27
-18,-26
-18,-25
-18,-24
-18,-23
-18,-22
-18,-21
-18,-20
-18,-18
-18,-17
-18,-16
-18,-15
-18,-9
-18,-8
-18,-7
-18,-6
-18,-5
-18,-4
-18,-3
-18,-2
-18,-1
-18,0
-18,2
-18,3
-18,5
-18,6
-18,7
-18,8
-18,20
-18,21
-18,22
-17,-134
-17,-133
-17,-132
-17,-131
-17,-129
-17,-128
-17,-127
-17,-126
-17,-124
-17,-123
-17,-122
-17,-121
-17,-120
-17,-119
-17,-118
-17,-117
-17,-116
-17,-114
-17,-113
-17,-112
-17,-110
-17,-109
-17,-108
-17,-107
-17,-104
-17,-103
-17,-102
-17,-94
-17,-93
-17,-92
-17,-91
-17,-90
-17,-83
-17,-82
-17,-81
-17,-76
-17,-75
-17,-74
-17,-70
-17,-69
-17,-68
-17,-67
-17,-66
-17,-65
-17,-64
-17,-63
-17,-59
-17,-58
-17,-57
-17,-56
-17,-46
-17,-45
-17,-44
-17,-43
-17,-42
-17,-41
-17,-40
-17,-39
-17,-38
-17,-37
-17,-36
-17,-32
-17,-31
-17,-30
-17,-28
-17,-27
-17,-26
-17,-25
-17,-24
-17,-23
-17,-22
-17,-21
-17,-18
-17,-17
-17,-16
-17,-15
-17,-9
-17,-8
-17,-7
-17,-4
-17,-3
-17,-2
-17,-1
-17,1
-17,2
-17,3
-17,5
-17,6
-17,7
-17,8
-17,9
-17,10
-17,11
-17,20
-17,21
-17,22
-16,-134
-16,-133
-16,-132
-16,-131
-16,-126
-16,-125
-16,-124
-16,-123
-16,-122
-16,-121
-16,-119
-16,-118
-16,-117
-16,-116
-16,-114
-16,-113
-16,-112
-16,-111
-16,-108
-16,-107
-16,-105
-16,-104
-16,-103
-16,-102
-16,-94
-16,-93
-16,-92
-16,-91
-16,-90
-16,-83
-16,-82
-16,-81
-16,-76
-16,-75
-16,-74
-16,-69
-16,-68
-16,-67
-16,-66
-16,-65
-16,-64
-16,-63
-16,-59
-16,-58
-16,-57
-16,-56
-16,-46
-16,-45
-16,-44
-16,-43
-16,-42
-16,-39
-16,-38
-16,-37
-16,-36
-16,-32
-16,-31
-16,-30
-16,-27
-16,-26
-16,-25
-16,-24
-16,-23
-16,-22
-16,-21
-16,-18
-16,-17
-16,-16
-16,-15
-16,-9
-16,-8
-16,-7
-16,-6
-16,-4
-16,-3
-16,0
-16,1
-16,2
-16,3
-16,5
-16,6
-16,7
-16,8
-16,9
-16,10
-16,11
-16,12
-16,13
-16,16
-16,17
-16,18
-16,20
-16,21
-16,22
-15,-133
-15,-132
-15,-131
-15,-127
-15,-126
-15,-125
-15,-124
-15,-123
-15,-122
-15,-118
-15,-117
-15,-116
-15,-114
-15,-113
-15,-112
-15,-111
-15,-110
-15,-108
-15,-107
-15,-105
-15,-104
-15,-103
-15,-102
-15,-93
-15,-92
-15,-91
-15,-90
-15,-83
-15,-82
-15,-81
-15,-76
-15,-75
-15,-74
-15,-68
-15,-67
-15,-66
-15,-65
-15,-64
-15,-63
-15,-59
-15,-58
-15,-57
-15,-56
-15,-48
-15,-46
-15,-45
-15,-44
-15,-43
-15,-40
-15,-39
-15,-38
-15,-37
-15,-36
-15,-32
-15,-31
-15,-30
-15,-27
-15,-26
-15,-25
-15,-24
-15,-23
-15,-22
-15,-18
-15,-17
-15,-16
-15,-15
-15,-9
-15,-8
-15,-7
-15,-6
-15,-4
-15,-3
-15,-1
-15,0
-15,1
-15,2
-15,3
-15,5
-15,6
-15,7
-15,8
-15,9
-15,10
-15,11
-15,12
-15,13
-15,14
-15,17
-15,18
-15,20
-15,21
-15,22
-14,-133
-14,-132
-14,-131
-14,-129
-14,-128
-14,-127
-14,-126
-14,-125
-14,-124
-14,-118
-14,-117
-14,-116
-14,-113
-14,-112
-14,-111
-14,-110
-14,-108
-14,-107
-14,-105
-14,-104
-14,-103
-14,-102
-14,-93
-14,-92
-14,-91
-14,-90
-14,-89
-14,-84
-14,-83
-14,-82
-14,-81
-14,-76
-14,-75
-14,-74
-14,-68
-14,-67
-14,-66
-14,-65
-14,-64
-14,-63
-14,-59
-14,-58
-14,-57
-14,-56
-14,-55
-14,-50
-14,-49
-14,-48
-14,-46
-14,-45
-14,-44
-14,-43
-14,-40
-14,-39
-14,-38
-14,-37
-14,-36
-14,-33
-14,-32
-14,-31
-14,-30
-14,-26
-14,-25
-14,-24
-14,-23
-14,-22
-14,-18
-14,-17
-14,-16
-14,-15
-14,-9
-14,-8
-14,-7
-14,-6
-14,-4
-14,-3
-14,-1
-14,0
-14,1
-14,2
-14,5
-14,6
-14,7
-14,8
-14,9
-14,10
-14,11
-14,12
-14,13
-14,14
-14,15
-14,17
-14,18
-14,20
-14,21
-14,22
-13,-133
-13,-132
-13,-131
-13,-129
-13,-128
-13,-127
-13,-126
-13,-125
-13,-124
-13,-123
-13,-122
-13,-121
-13,-120
-13,-118
-13,-117
-13,-116
-13,-113
-13,-112
-13,-111
-13,-110
-13,-109
-13,-108
-13,-107
-13,-105
-13,-104
-13,-103
-13,-102
-13,-93
-13,-92
-13,-91
-13,-90
-13,-89
-13,-88
-13,-87
-13,-86
-13,-85
-13,-84
-13,-83
-13,-82
-13,-81
-13,-76
-13,-75
-13,-74
-13,-67
-13,-66
-13,-65
-13,-64
-13,-63
-13,-59
-13,-58
-13,-57
-13,-56
-13,-55
-13,-54
-13,-53
-13,-52
-13,-51
-13,-50
-13,-49
-13,-48
-13,-46
-13,-45
-13,-44
-13,-43
-13,-42
-13,-41
-13,-40
-13,-39
-13,-38
-13,-37
-13,-36
-13,-33
-13,-32
-13,-31
-13,-30
-13,-26
-13,-25
-13,-24
-13,-23
-13,-22
-13,-18
-13,-17
-13,-16
-13,-15
-13,-9
-13,-8
-13,-7
-13,-6
-13,-4
-13,-3
-13,-2
-13,-1
-13,0
-13,1
-13,2
-13,5
-13,6
-13,7
-13,9
-13,12
-13,13
-13,14
-13,15
-13,16
-13,17
-13,20
-13,21
-13,22
-12,-133
-12,-132
-12,-131
-12,-129
-12,-128
-12,-127
-12,-126
-12,-125
-12,-124
-12,-123
-12,-122
-12,-121
-12,-118
-12,-117
-12,-116
-12,-113
-12,-112
-12,-111
-12,-110
-12,-109
-12,-108
-12,-107
-12,-106
-12,-105
-12,-104
-12,-103
-12,-92
-12,-91
-12,-90
-12,-89
-12,-88
-12,-87
-12,-86
-12,-85
-12,-84
-12,-83
-12,-82
-12,-76
-12,-75
-12,-74
-12,-67
-12,-66
-12,-65
-12,-64
-12,-63
-12,-59
-12,-58
-12,-57
-12,-56
-12,-55
-12,-54
-12,-53
-12,-52
-12,-51
-12,-50
-12,-49
-12,-48
-12,-46
-12,-45
-12,-44
-12,-43
-12,-42
-12,-41
-12,-40
-12,-39
-12,-38
-12,-37
-12,-36
-12,-33
-12,-32
-12,-31
-12,-30
-12,-26
-12,-25
-12,-24
-12,-23
-12,-18
-12,-17
-12,-16
-12,-15
-12,-8
-12,-7
-12,-6
-12,-4
-12,-2
-12,-1
-12,0
-12,1
-12,5
-12,6
-12,7
-12,9
-12,13
-12,14
-12,15
-12,16
-12,17
-12,18
-12,20
-12,21
-12,22
-11,-133
-11,-132
-11,-131
-11,-129
-11,-128
-11,-127
-11,-118
-11,-117
-11,-116
-11,-112
-11,-111
-11,-110
-11,-109
-11,-108
-11,-107
-11,-106
-11,-105
-11,-104
-11,-103
-11,-90
-11,-89
-11,-88
-11,-87
-11,-86
-11,-85
-11,-84
-11,-83
-11,-76
-11,-75
-11,-74
-11,-66
-11,-65
-11,-64
-11,-63
-11,-59
-11,-58
-11,-57
-11,-56
-11,-55
-11,-54
-11,-53
-11,-52
-11,-51
-11,-50
-11,-49
-11,-48
-11,-45
-11,-44
-11,-43
-11,-42
-11,-41
-11,-40
-11,-39
-11,-38
-11,-37
-11,-25
-11,-24
-11,-23
-11,-18
-11,-17
-11,-16
-11,-15
-11,-8
-11,-7
-11,-6
-11,-5
-11,-4
-11,-3
-11,-2
-11,-1
-11,0
-11,1
-11,5
-11,6
-11,7
-11,9
-11,10
-11,14
-11,15
-11,16
-11,17
-11,18
-11,20
-11,21
-11,22
-10,-133
-10,-132
-10,-131
-10,-122
-10,-121
-10,-118
-10,-117
-10,-116
-10,-112
-10,-111
-10,-110
-10,-109
-10,-108
-10,-107
-10,-106
-10,-105
-10,-104
-10,-103
-10,-100
-10,-11
-10,-8
-10,-7
-10,-6
-10,-5
-10,-4
-10,-3
-10,-2
-10,-1
-10,0
-10,1
-10,5
-10,6
-10,7
-10,9
-10,16
-10,17
-10,18
-10,20
-10,21
-10,22
-9,-133
-9,-132
-9,-131
-9,-130
-9,-126
-9,-125
-9,-124
-9,-123
-9,-122
-9,-121
-9,-120
-9,-118
-9,-117
-9,-116
-9,-115
-9,-111
-9,-110
-9,-109
-9,-108
-9,-107
-9,-106
-9,-105
-9,-104
-9,-103
-9,-102
-9,-101
-9,-100
-9,-11
-9,-10
-9,-9
-9,-8
-9,-7
-9,-6
-9,-5
-9,-4
-9,-3
-9,-2
-9,-1
-9,0
-9,4
-9,5
-9,6
-9,7
-9,9
-9,10
-9,11
-9,19
-9,20
-9,21
-9,22
-8,-133
-8,-132
-8,-131
-8,-130
-8,-128
-8,-127
-8,-126
-8,-125
-8,-124
-8,-123
-8,-120
-8,-119
-8,-118
-8,-117
-8,-116
-8,-115
-8,-111
-8,-110
-8,-109
-8,-108
-8,-107
-8,-106
-8,-105
-8,-104
-8,-103
-8,-102
-8,-101
-8,-100
-8,-11
-8,-10
-8,-9
-8,-8
-8,-7
-8,-6
-8,-5
-8,-4
-8,-3
-8,-2
-8,-1
-8,0
-8,4
-8,5
-8,6
-8,7
-8,10
-8,11
-8,12
-8,19
-8,20
-8,21
-8,22
-7,-132
-7,-131
-7,-130
-7,-119
-7,-117
-7,-116
-7,-115
-7,-110
-7,-109
-7,-108
-7,-107
-7,-106
-7,-105
-7,-104
-7,-103
-7,-102
-7,-101
-7,-100
-7,-11
-7,-10
-7,-9
-7,-8
-7,-7
-7,-6
-7,-5
-7,-4
-7,-3
-7,-2
-7,-1
-7,4
-7,5
-7,6
-7,11
-7,12
-7,13
-7,14
-7,19
-7,20
-7,21
-6,-132
-6,-131
-6,-130
-6,-121
-6,-120
-6,-119
-6,-117
-6,-116
-6,-115
-6,-109
-6,-108
-6,-107
-6,-106
-6,-105
-6,-104
-6,-102
-6,-101
-6,-100
-6,-11
-6,-10
-6,-9
-6,-7
-6,-6
-6,-5
-6,-4
-6,-3
-6,-2
-6,1
-6,4
-6,5
-6,6
-6,10
-6,11
-6,14
-6,15
-6,16
-6,17
-6,19
-6,20
-6,21
-5,-132
-5,-131
-5,-130
-5,-124
-5,-123
-5,-122
-5,-121
-5,-120
-5,-119
-5,-117
-5,-116
-5,-115
-5,-114
-5,-112
-5,-111
-5,-110
-5,-108
-5,-107
-5,-106
-5,-105
-5,-104
-5,-103
-5,-102
-5,-101
-5,-100
-5,-11
-5,-10
-5,-9
-5,-7
-5,-6
-5,-5
-5,-4
-5,-3
-5,-2
-5,-1
-5,0
-5,1
-5,3
-5,4
-5,5
-5,6
-5,7
-5,8
-5,9
-5,10
-5,11
-5,12
-5,13
-5,14
-5,15
-5,16
-5,17
-5,19
-5,20
-5,21
-4,-132
-4,-131
-4,-130
-4,-129
-4,-127
-4,-126
-4,-125
-4,-124
-4,-123
-4,-122
-4,-121
-4,-120
-4,-119
-4,-117
-4,-116
-4,-115
-4,-114
-4,-112
-4,-111
-4,-110
-4,-109
-4,-108
-4,-106
-4,-105
-4,-104
-4,-103
-4,-102
-4,-101
-4,-100
-4,-11
-4,-10
-4,-9
-4,-8
-4,-7
-4,-6
-4,-5
-4,-3
-4,-2
-4,-1
-4,0
-4,1
-4,3
-4,4
-4,5
-4,6
-4,7
-4,8
-4,9
-4,10
-4,11
-4,12
-4,13
-4,14
-4,15
-4,16
-4,17
-4,18
-4,19
-4,20
-4,21
-3,-132
-3,-131
-3,-130
-3,-129
-3,-127
-3,-126
-3,-125
-3,-124
-3,-123
-3,-122
-3,-121
-3,-120
-3,-117
-3,-116
-3,-115
-3,-114
-3,-112
-3,-111
-3,-110
-3,-109
-3,-108
-3,-107
-3,-106
-3,-105
-3,-104
-3,-103
-3,-102
-3,-101
-3,-100
-3,-11
-3,-10
-3,-9
-3,-8
-3,-7
-3,-6
-3,-5
-3,-4
-3,-3
-3,-2
-3,-1
-3,0
-3,1
-3,3
-3,4
-3,5
-3,7
-3,8
-3,9
-3,10
-3,11
-3,12
-3,13
-3,18
-3,19
-3,20
-3,21
-2,-132
-2,-131
-2,-130
-2,-129
-2,-127
-2,-126
-2,-125
-2,-124
-2,-116
-2,-115
-2,-114
-2,-111
-2,-110
-2,-109
-2,-108
-2,-107
-2,-106
-2,-105
-2,-104
-2,-103
-2,-102
-2,-101
-2,-100
-2,-11
-2,-10
-2,-9
-2,-8
-2,-7
-2,-6
-2,-5
-2,-4
-2,-3
-2,-2
-2,-1
-2,0
-2,2
-2,3
-2,4
-2,5
-2,18
-2,19
-2,20
-1,-131
-1,-130
-1,-129
-1,-116
-1,-115
-1,-114
-1,-113
-1,-111
-1,-110
-1,-109
-1,-108
-1,-107
-1,-106
-1,-105
-1,-104
-1,-103
-1,-102
-1,-101
-1,-100
-1,-98
-1,-97
-1,-96
-1,-15
-1,-14
-1,-13
-1,-11
-1,-10
-1,-9
-1,-8
-1,-7
-1,-6
-1,-5
-1,-4
-1,-3
-1,-2
-1,-1
-1,2
-1,3
-1,4
-1,5
-1,18
-1,19
-1,20
0,-131
0,-130
0,-129
0,-128
0,-116
0,-115
0,-114
0,-113
0,-110
0,-109
0,-108
0,-107
0,-106
0,-105
0,-104
0,-103
0,-102
0,-101
0,-100
0,-98
0,-97
0,-96
0,-15
0,-14
0,-13
0,-11
0,-10
0,-9
0,-8
0,-7
0,-6
0,-5
0,-4
0,-3
0,-2
0,-1
0,2
0,3
0,4
0,5
0,17
0,18
0,19
0,20
1,-131
1,-130
1,-129
1,-128
1,-115
1,-114
1,-113
1,-112
1,-109
1,-108
1,-107
1,-106
1,-105
1,-104
1,-103
1,-102
1,-101
1,-100
1,-98
1,-97
1,-96
1,-15
1,-14
1,-13
1,-11
1,-10
1,-9
1,-8
1,-7
1,-6
1,-5
1,-4
1,-3
1,-2
1,1
1,2
1,3
1,4
1,17
1,18
1,19
1,20
2,-131
2,-130
2,-129
2,-128
2,-115
2,-114
2,-113
2,-112
2,-109
2,-108
2,-107
2,-106
2,-105
2,-104
2,-103
2,-102
2,-101
2,-100
2,-98
2,-97
2,-96
2,-15
2,-14
2,-13
2,-11
2,-10
2,-9
2,-8
2,-7
2,-6
2,-5
2,-4
2,-3
2,-2
2,1
2,2
2,3
2,4
2,17
2,18
2,19
3,-130
3,-129
3,-128
3,-115
3,-114
3,-113
3,-112
3,-108
3,-107
3,-106
3,-105
3,-104
3,-103
3,-102
3,-101
3,-100
3,-98
3,-97
3,-96
3,-95
3,-16
3,-15
3,-14
3,-13
3,-11
3,-10
3,-9
3,-8
3,-7
3,-6
3,-5
3,-4
3,-3
3,1
3,2
3,3
3,16
3,17
3,18
3,19
4,-130
4,-129
4,-128
4,-127
4,-114
4,-113
4,-112
4,-111
4,-107
4,-106
4,-105
4,-104
4,-103
4,-102
4,-101
4,-100
4,-98
4,-97
4,-96
4,-95
4,-16
4,-15
4,-14
4,-13
4,-11
4,-10
4,-9
4,-8
4,-7
4,-6
4,-5
4,-4
4,0
4,1
4,2
4,3
4,16
4,17
4,18
4,19
5,-130
5,-129
5,-128
5,-127
5,-114
5,-113
5,-112
5,-111
5,-106
5,-105
5,-104
5,-103
5,-102
5,-101
5,-100
5,-99
5,-98
5,-97
5,-96
5,-95
5,-16
5,-15
5,-14
5,-13
5,-12
5,-11
5,-10
5,-9
5,-8
5,-7
5,-6
5,-5
5,0
5,1
5,2
5,3
5,16
5,17
5,18
6,-129
6,-128
6,-127
6,-126
6,-113
6,-112
6,-111
6,-110
6,-108
6,-107
6,-106
6,-104
6,-103
6,-102
6,-101
6,-100
6,-99
6,-98
6,-97
6,-96
6,-95
6,-93
6,-92
6,-91
6,-20
6,-19
6,-18
6,-16
6,-15
6,-14
6,-13
6,-12
6,-11
6,-10
6,-9
6,-8
6,-7
6,-6
6,-5
6,-4
6,-3
6,-1
6,0
6,1
6,2
6,15
6,16
6,17
6,18
7,-129
7,-128
7,-127
7,-126
7,-113
7,-112
7,-111
7,-110
7,-108
7,-107
7,-106
7,-105
7,-104
7,-103
7,-101
7,-100
7,-99
7,-98
7,-97
7,-96
7,-95
7,-94
7,-93
7,-92
7,-91
7,-20
7,-19
7,-18
7,-17
7,-16
7,-15
7,-14
7,-13
7,-12
7,-11
7,-10
7,-8
7,-7
7,-6
7,-5
7,-4
7,-3
7,-1
7,0
7,1
7,2
7,15
7,16
7,17
7,18
8,-128
8,-127
8,-126
8,-112
8,-111
8,-110
8,-109
8,-108
8,-107
8,-106
8,-105
8,-104
8,-103
8,-102
8,-101
8,-100
8,-99
8,-98
8,-97
8,-96
8,-95
8,-94
8,-93
8,-92
8,-91
8,-90
8,-21
8,-20
8,-19
8,-18
8,-17
8,-16
8,-15
8,-14
8,-13
8,-12
8,-11
8,-9
8,-8
8,-7
8,-6
8,-5
8,-4
8,-3
8,-2
8,-1
8,0
8,1
8,15
8,16
8,17
9,-128
9,-127
9,-126
9,-125
9,-119
9,-118
9,-117
9,-116
9,-115
9,-112
9,-111
9,-110
9,-109
9,-107
9,-106
9,-105
9,-104
9,-103
9,-102
9,-101
9,-100
9,-99
9,-98
9,-97
9,-96
9,-95
9,-94
9,-93
9,-92
9,-91
9,-90
9,-21
9,-20
9,-19
9,-18
9,-17
9,-16
9,-15
9,-14
9,-13
9,-12
9,-11
9,-10
9,-9
9,-8
9,-7
9,-6
9,-5
9,-4
9,-2
9,-1
9,0
9,1
9,4
9,5
9,6
9,7
9,8
9,14
9,15
9,16
9,17
10,-128
10,-127
10,-126
10,-125
10,-119
10,-118
10,-117
10,-116
10,-115
10,-114
10,-111
10,-110
10,-109
10,-108
10,-106
10,-105
10,-104
10,-103
10,-102
10,-101
10,-100
10,-99
10,-98
10,-97
10,-96
10,-95
10,-94
10,-93
10,-92
10,-91
10,-90
10,-89
10,-22
10,-21
10,-20
10,-19
10,-18
10,-17
10,-16
10,-15
10,-14
10,-13
10,-12
10,-11
10,-10
10,-9
10,-8
10,-7
10,-6
10,-5
10,-3
10,-2
10,-1
10,0
10,4
10,5
10,6
10,7
10,8
10,9
10,14
10,15
10,16
10,17
11,-127
11,-126
11,-125
11,-124
11,-120
11,-119
11,-118
11,-117
11,-116
11,-115
11,-114
11,-111
11,-110
11,-109
11,-108
11,-107
11,-105
11,-104
11,-103
11,-102
11,-101
11,-100
11,-99
11,-98
11,-97
11,-96
11,-95
11,-94
11,-93
11,-92
11,-91
11,-90
11,-89
11,-87
11,-86
11,-85
11,-26
11,-25
11,-24
11,-22
11,-21
11,-20
11,-19
11,-18
11,-17
11,-16
11,-15
11,-14
11,-13
11,-12
11,-11
11,-10
11,-9
11,-8
11,-7
11,-6
11,-4
11,-3
11,-2
11,-1
11,0
11,3
11,4
11,5
11,6
11,7
11,8
11,9
11,13
11,14
11,15
11,16
12,-127
12,-126
12,-125
12,-124
12,-120
12,-119
12,-118
12,-117
12,-116
12,-115
12,-114
12,-110
12,-109
12,-108
12,-107
12,-104
12,-103
12,-102
12,-101
12,-100
12,-99
12,-98
12,-97
12,-96
12,-95
12,-94
12,-92
12,-91
12,-90
12,-89
12,-88
12,-87
12,-86
12,-85
12,-84
12,-27
12,-26
12,-25
12,-24
12,-23
12,-22
12,-21
12,-20
12,-19
12,-17
12,-16
12,-15
12,-14
12,-13
12,-12
12,-11
12,-10
12,-9
12,-8
12,-7
12,-4
12,-3
12,-2
12,-1
12,3
12,4
12,5
12,6
12,7
12,8
12,9
12,13
12,14
12,15
12,16
13,-126
13,-125
13,-124
13,-123
13,-120
13,-119
13,-118
13,-117
13,-116
13,-115
13,-114
13,-110
13,-109
13,-108
13,-107
13,-106
13,-103
13,-102
13,-101
13,-100
13,-99
13,-98
13,-97
13,-96
13,-95
13,-94
13,-93
13,-92
13,-91
13,-90
13,-89
13,-88
13,-87
13,-86
13,-85
13,-84
13,-27
13,-26
13,-25
13,-24
13,-23
13,-22
13,-21
13,-20
13,-19
13,-18
13,-17
13,-16
13,-15
13,-14
13,-13
13,-12
13,-11
13,-10
13,-9
13,-8
13,-5
13,-4
13,-3
13,-2
13,-1
13,3
13,4
13,5
13,6
13,7
13,8
13,9
13,12
13,13
13,14
13,15
14,-126
14,-125
14,-124
14,-123
14,-119
14,-118
14,-117
14,-116
14,-115
14,-109
14,-108
14,-107
14,-106
14,-105
14,-101
14,-100
14,-99
14,-98
14,-97
14,-96
14,-95
14,-94
14,-93
14,-92
14,-91
14,-90
14,-89
14,-88
14,-87
14,-86
14,-85
14,-84
14,-83
14,-28
14,-27
14,-26
14,-25
14,-24
14,-23
14,-22
14,-21
14,-20
14,-19
14,-18
14,-17
14,-16
14,-15
14,-14
14,-13
14,-12
14,-11
14,-10
14,-6
14,-5
14,-4
14,-3
14,-2
14,4
14,5
14,6
14,7
14,8
14,12
14,13
14,14
14,15
15,-125
15,-124
15,-123
15,-122
15,-108
15,-107
15,-106
15,-105
15,-100
15,-99
15,-98
15,-97
15,-96
15,-95
15,-94
15,-93
15,-92
15,-91
15,-90
15,-89
15,-88
15,-87
15,-86
15,-85
15,-84
15,-83
15,-82
15,-29
15,-28
15,-27
15,-26
15,-25
15,-24
15,-23
15,-22
15,-21
15,-20
15,-19
15,-18
15,-17
15,-16
15,-15
15,-14
15,-13
15,-12
15,-6
15,-5
15,-4
15,-3
15,11
15,12
15,13
15,14
16,-125
16,-124
16,-123
16,-122
16,-108
16,-107
16,-106
16,-105
16,-104
16,-102
16,-101
16,-100
16,-99
16,-98
16,-94
16,-93
16,-92
16,-91
16,-90
16,-89
16,-88
16,-87
16,-86
16,-85
16,-84
16,-83
16,-82
16,-81
16,-30
16,-29
16,-28
16,-27
16,-26
16,-25
16,-24
16,-23
16,-22
16,-21
16,-20
16,-19
16,-18
16,-17
16,-13
16,-12
16,-11
16,-10
16,-9
16,-7
16,-6
16,-5
16,-4
16,-3
16,11
16,12
16,13
16,14
17,-124
17,-123
17,-122
17,-121
17,-107
17,-106
17,-105
17,-104
17,-103
17,-102
17,-101
17,-100
17,-99
17,-98
17,-97
17,-96
17,-95
17,-94
17,-93
17,-92
17,-91
17,-90
17,-89
17,-88
17,-87
17,-86
17,-85
17,-84
17,-83
17,-82
17,-81
17,-80
17,-31
17,-30
17,-29
17,-28
17,-27
17,-26
17,-25
17,-24
17,-23
17,-22
17,-21
17,-20
17,-19
17,-18
17,-17
17,-16
17,-15
17,-14
17,-13
17,-12
17,-11
17,-10
17,-9
17,-8
17,-7
17,-6
17,-5
17,-4
17,10
17,11
17,12
17,13
18,-124
18,-123
18,-122
18,-121
18,-120
18,-106
18,-105
18,-104
18,-103
18,-102
18,-101
18,-100
18,-99
18,-98
18,-97
18,-96
18,-95
18,-94
18,-93
18,-92
18,-91
18,-90
18,-89
18,-88
18,-87
18,-86
18,-85
18,-84
18,-83
18,-82
18,-81
18,-80
18,-31
18,-30
18,-29
18,-28
18,-27
18,-26
18,-25
18,-24
18,-23
18,-22
18,-21
18,-20
18,-19
18,-18
18,-17
18,-16
18,-15
18,-14
18,-13
18,-12
18,-11
18,-10
18,-9
18,-8
18,-7
18,-6
18,-5
18,9
18,10
18,11
18,12
18,13
19,-123
19,-122
19,-121
19,-120
19,-106
19,-105
19,-104
19,-103
19,-102
19,-101
19,-100
19,-99
19,-98
19,-97
19,-96
19,-95
19,-94
19,-93
19,-92
19,-91
19,-90
19,-89
19,-88
19,-87
19,-86
19,-85
19,-84
19,-83
19,-82
19,-81
19,-80
19,-79
19,-32
19,-31
19,-30
19,-29
19,-28
19,-27
19,-26
19,-25
19,-24
19,-23
19,-22
19,-21
19,-20
19,-19
19,-18
19,-17
19,-16
19,-15
19,-14
19,-13
19,-12
19,-11
19,-10
19,-9
19,-8
19,-7
19,-6
19,9
19,10
19,11
19,12
20,-123
20,-122
20,-121
20,-120
20,-119
20,-105
20,-104
20,-103
20,-102
20,-101
20,-99
20,-98
20,-97
20,-96
20,-95
20,-94
20,-93
20,-92
20,-91
20,-90
20,-89
20,-88
20,-87
20,-86
20,-85
20,-84
20,-83
20,-82
20,-81
20,-80
20,-79
20,-78
20,-33
20,-32
20,-31
20,-30
20,-29
20,-28
20,-27
20,-26
20,-25
20,-24
20,-23
20,-22
20,-21
20,-20
20,-19
20,-18
20,-17
20,-16
20,-15
20,-14
20,-13
20,-12
20,-11
20,-10
20,-9
20,-8
20,-7
20,-6
20,8
20,9
20,10
20,11
20,12
21,-122
21,-121
21,-120
21,-119
21,-104
21,-103
21,-102
21,-101
21,-100
21,-97
21,-96
21,-95
21,-94
21,-93
21,-92
21,-91
21,-90
21,-89
21,-88
21,-87
21,-86
21,-85
21,-84
21,-83
21,-82
21,-81
21,-80
21,-79
21,-78
21,-70
21,-69
21,-68
21,-67
21,-63
21,-62
21,-61
21,-60
21,-59
21,-58
21,-55
21,-54
21,-53
21,-52
21,-51
21,-50
21,-49
21,-46
21,-45
21,-44
21,-43
21,-42
21,-41
21,-33
21,-32
21,-31
21,-30
21,-29
21,-28
21,-27
21,-26
21,-25
21,-24
21,-23
21,-22
21,-21
21,-20
21,-19
21,-18
21,-17
21,-16
21,-15
21,-14
21,-11
21,-10
21,-9
21,-8
21,-7
21,8
21,9
21,10
21,11
22,-122
22,-121
22,-120
22,-119
22,-118
22,-103
22,-102
22,-101
22,-100
22,-99
22,-95
22,-94
22,-93
22,-92
22,-91
22,-90
22,-89
22,-88
22,-87
22,-86
22,-85
22,-84
22,-83
22,-82
22,-81
22,-80
22,-79
22,-78
22,-70
22,-69
22,-68
22,-67
22,-64
22,-63
22,-62
22,-61
22,-60
22,-59
22,-58
22,-57
22,-55
22,-54
22,-53
22,-52
22,-51
22,-50
22,-49
22,-47
22,-46
22,-45
22,-44
22,-43
22,-42
22,-41
22,-40
22,-33
22,-32
22,-31
22,-30
22,-29
22,-28
22,-27
22,-26
22,-25
22,-24
22,-23
22,-22
22,-21
22,-20
22,-19
22,-18
22,-17
22,-16
22,-12
22,-11
22,-10
22,-9
22,-8
22,7
22,8
22,9
22,10
23,-121
23,-120
23,-119
23,-118
23,-117
23,-102
23,-101
23,-100
23,-99
23,-98
23,-85
23,-84
23,-83
23,-82
23,-81
23,-80
23,-79
23,-78
23,-77
23,-76
23,-70
23,-69
23,-68
23,-67
23,-64
23,-63
23,-62
23,-61
23,-60
23,-59
23,-58
23,-57
23,-55
23,-54
23,-53
23,-51
23,-50
23,-49
23,-47
23,-46
23,-45
23,-44
23,-43
23,-42
23,-41
23,-40
23,-35
23,-34
23,-33
23,-32
23,-31
23,-30
23,-29
23,-28
23,-27
23,-26
23,-13
23,-12
23,-11
23,-10
23,-9
23,6
23,7
23,8
23,9
23,10
24,-120
24,-119
24,-118
24,-117
24,-116
24,-101
24,-100
24,-99
24,-98
24,-97
24,-96
24,-94
24,-93
24,-92
24,-91
24,-90
24,-89
24,-88
24,-87
24,-86
24,-85
24,-84
24,-83
24,-82
24,-81
24,-80
24,-79
24,-78
24,-77
24,-76
24,-75
24,-69
24,-68
24,-67
24,-64
24,-63
24,-62
24,-59
24,-58
24,-57
24,-55
24,-54
24,-53
24,-51
24,-50
24,-49
24,-47
24,-46
24,-45
24,-42
24,-41
24,-40
24,-36
24,-35
24,-34
24,-33
24,-32
24,-31
24,-30
24,-29
24,-28
24,-27
24,-26
24,-25
24,-24
24,-23
24,-22
24,-21
24,-20
24,-19
24,-18
24,-17
24,-15
24,-14
24,-13
24,-12
24,-11
24,-10
24,5
24,6
24,7
24,8
24,9
25,-119
25,-118
25,-117
25,-116
25,-105
25,-104
25,-103
25,-100
25,-99
25,-98
25,-97
25,-96
25,-95
25,-94
25,-93
25,-92
25,-91
25,-90
25,-89
25,-88
25,-87
25,-86
25,-85
25,-84
25,-83
25,-82
25,-81
25,-80
25,-79
25,-78
25,-77
25,-76
25,-75
25,-69
25,-68
25,-67
25,-64
25,-63
25,-62
25,-61
25,-59
25,-58
25,-57
25,-55
25,-54
25,-53
25,-52
25,-51
25,-50
25,-49
25,-47
25,-46
25,-45
25,-44
25,-42
25,-41
25,-40
25,-36
25,-35
25,-34
25,-33
25,-32
25,-31
25,-30
25,-29
25,-28
25,-27
25,-26
25,-25
25,-24
25,-23
25,-22
25,-21
25,-20
25,-19
25,-18
25,-17
25,-16
25,-15
25,-14
25,-13
25,-12
25,-11
25,-7
25,-6
25,-5
25,5
25,6
25,7
25,8
26,-119
26,-118
26,-117
26,-116
26,-115
26,-106
26,-105
26,-104
26,-103
26,-99
26,-98
26,-97
26,-96
26,-95
26,-94
26,-93
26,-92
26,-91
26,-90
26,-89
26,-88
26,-87
26,-86
26,-85
26,-84
26,-83
26,-82
26,-81
26,-80
26,-79
26,-69
26,-68
26,-67
26,-64
26,-63
26,-62
26,-61
26,-60
26,-59
26,-58
26,-57
26,-55
26,-54
26,-53
26,-52
26,-51
26,-50
26,-49
26,-47
26,-46
26,-45
26,-44
26,-43
26,-42
26,-41
26,-40
26,-33
26,-32
26,-31
26,-30
26,-29
26,-28
26,-27
26,-26
26,-25
26,-24
26,-23
26,-22
26,-21
26,-20
26,-19
26,-18
26,-17
26,-16
26,-15
26,-14
26,-13
26,-12
26,-7
26,-6
26,-5
26,-4
26,-3
26,-2
26,4
26,5
26,6
26,7
26,8
27,-118
27,-117
27,-116
27,-115
27,-114
27,-107
27,-106
27,-105
27,-104
27,-103
27,-98
27,-97
27,-96
27,-95
27,-94
27,-93
27,-92
27,-91
27,-90
27,-89
27,-88
27,-87
27,-86
27,-85
27,-84
27,-83
27,-82
27,-81
27,-80
27,-79
27,-69
27,-68
27,-67
27,-63
27,-62
27,-61
27,-60
27,-59
27,-58
27,-57
27,-55
27,-54
27,-53
27,-51
27,-50
27,-49
27,-46
27,-45
27,-44
27,-43
27,-42
27,-41
27,-40
27,-33
27,-32
27,-31
27,-30
27,-29
27,-28
27,-27
27,-26
27,-25
27,-24
27,-23
27,-22
27,-21
27,-20
27,-19
27,-18
27,-17
27,-16
27,-15
27,-14
27,-13
27,-7
27,-6
27,-5
27,-4
27,-3
27,-2
27,-1
27,0
27,3
27,4
27,5
27,6
27,7
28,-117
28,-116
28,-115
28,-114
28,-113
28,-108
28,-107
28,-106
28,-105
28,-104
28,-103
28,-102
28,-97
28,-96
28,-95
28,-94
28,-93
28,-92
28,-88
28,-87
28,-86
28,-85
28,-84
28,-83
28,-82
28,-81
28,-80
28,-69
28,-68
28,-67
28,-60
28,-59
28,-58
28,-57
28,-55
28,-54
28,-53
28,-51
28,-50
28,-49
28,-43
28,-42
28,-41
28,-40
28,-31
28,-30
28,-29
28,-28
28,-27
28,-26
28,-25
28,-24
28,-23
28,-19
28,-18
28,-17
28,-16
28,-15
28,-14
28,-6
28,-5
28,-4
28,-3
28,-2
28,-1
28,0
28,2
28,3
28,4
28,5
28,6
29,-116
29,-115
29,-114
29,-113
29,-112
29,-109
29,-108
29,-107
29,-106
29,-105
29,-104
29,-103
29,-102
29,-100
29,-96
29,-95
29,-94
29,-93
29,-92
29,-91
29,-90
29,-69
29,-68
29,-67
29,-61
29,-60
29,-59
29,-58
29,-57
29,-55
29,-54
29,-53
29,-51
29,-50
29,-49
29,-44
29,-43
29,-42
29,-41
29,-40
29,-21
29,-20
29,-19
29,-18
29,-17
29,-16
29,-15
29,-10
29,-9
29,-6
29,-5
29,-4
29,-3
29,-2
29,-1
29,0
29,1
29,2
29,3
29,4
29,5
30,-116
30,-115
30,-114
30,-113
30,-112
30,-111
30,-109
30,-108
30,-107
30,-106
30,-105
30,-104
30,-103
30,-102
30,-101
30,-100
30,-99
30,-95
30,-94
30,-93
30,-92
30,-91
30,-90
30,-89
30,-69
30,-68
30,-67
30,-63
30,-62
30,-61
30,-60
30,-59
30,-58
30,-55
30,-54
30,-53
30,-52
30,-51
30,-50
30,-49
30,-46
30,-45
30,-44
30,-43
30,-42
30,-41
30,-22
30,-21
30,-20
30,-19
30,-18
30,-17
30,-9
30,-8
30,-5
30,-4
30,0
30,1
30,2
30,3
30,4
30,5
31,-115
31,-114
31,-113
31,-112
31,-111
31,-109
31,-108
31,-107
31,-106
31,-105
31,-104
31,-103
31,-102
31,-101
31,-100
31,-99
31,-98
31,-93
31,-92
31,-91
31,-90
31,-89
31,-88
31,-87
31,-62
31,-61
31,-60
31,-59
31,-53
31,-52
31,-51
31,-45
31,-44
31,-43
31,-42
31,-24
31,-23
31,-22
31,-21
31,-20
31,-19
31,-18
31,-14
31,-13
31,-12
31,-8
31,-4
31,0
31,1
31,2
31,3
31,4
32,-114
32,-113
32,-112
32,-111
32,-110
32,-107
32,-106
32,-105
32,-103
32,-102
32,-101
32,-100
32,-99
32,-98
32,-97
32,-92
32,-91
32,-90
32,-89
32,-88
32,-87
32,-86
32,-25
32,-24
32,-23
32,-22
32,-21
32,-20
32,-19
32,-14
32,-13
32,-12
32,-11
32,-10
32,-8
32,-7
32,-4
32,-3
32,-2
32,-1
32,0
32,1
32,2
32,3
33,-113
33,-112
33,-111
33,-110
33,-109
33,-107
33,-106
33,-105
33,-103
33,-102
33,-101
33,-100
33,-97
33,-96
33,-95
33,-94
33,-90
33,-89
33,-88
33,-87
33,-86
33,-85
33,-84
33,-27
33,-26
33,-25
33,-24
33,-23
33,-22
33,-21
33,-17
33,-16
33,-15
33,-14
33,-13
33,-12
33,-11
33,-10
33,-9
33,-8
33,-7
33,-6
33,-5
33,-2
33,-1
33,0
33,1
33,2
34,-112
34,-111
34,-110
34,-109
34,-108
34,-107
34,-106
34,-105
34,-104
34,-103
34,-102
34,-101
34,-100
34,-99
34,-96
34,-95
34,-94
34,-89
34,-88
34,-87
34,-86
34,-85
34,-84
34,-83
34,-82
34,-29
34,-28
34,-27
34,-26
34,-25
34,-24
34,-23
34,-22
34,-17
34,-16
34,-15
34,-14
34,-12
34,-11
34,-8
34,-7
34,-6
34,-5
34,-3
34,-2
34,-1
34,0
34,1
35,-111
35,-110
35,-109
35,-108
35,-107
35,-106
35,-104
35,-103
35,-102
35,-100
35,-99
35,-97
35,-96
35,-95
35,-94
35,-93
35,-87
35,-86
35,-85
35,-84
35,-83
35,-82
35,-81
35,-80
35,-31
35,-30
35,-29
35,-28
35,-27
35,-26
35,-25
35,-24
35,-18
35,-17
35,-16
35,-15
35,-14
35,-13
35,-11
35,-10
35,-7
35,-6
35,-5
35,-4
35,-3
35,-2
35,-1
35,0
36,-110
36,-109
36,-108
36,-107
36,-106
36,-105
36,-104
36,-103
36,-102
36,-98
36,-97
36,-96
36,-95
36,-94
36,-93
36,-92
36,-87
36,-86
36,-85
36,-84
36,-83
36,-82
36,-81
36,-80
36,-79
36,-78
36,-77
36,-34
36,-33
36,-32
36,-31
36,-30
36,-29
36,-28
36,-27
36,-26
36,-20
36,-19
36,-18
36,-16
36,-15
36,-14
36,-13
36,-10
36,-9
36,-6
36,-5
36,-4
36,-3
36,-2
36,-1
37,-109
37,-108
37,-107
37,-106
37,-105
37,-104
37,-103
37,-102
37,-101
37,-100
37,-98
37,-97
37,-96
37,-95
37,-94
37,-93
37,-92
37,-91
37,-90
37,-89
37,-87
37,-86
37,-83
37,-82
37,-81
37,-80
37,-79
37,-78
37,-77
37,-76
37,-75
37,-37
37,-36
37,-35
37,-34
37,-33
37,-32
37,-31
37,-30
37,-29
37,-28
37,-22
37,-21
37,-20
37,-19
37,-18
37,-15
37,-14
37,-13
37,-12
37,-10
37,-9
37,-7
37,-6
37,-5
37,-4
37,-3
37,-2
38,-108
38,-107
38,-106
38,-105
38,-104
38,-103
38,-102
38,-101
38,-99
38,-98
38,-97
38,-96
38,-95
38,-94
38,-93
38,-92
38,-91
38,-90
38,-89
38,-81
38,-80
38,-79
38,-78
38,-77
38,-76
38,-75
38,-74
38,-73
38,-72
38,-71
38,-40
38,-39
38,-38
38,-37
38,-36
38,-35
38,-34
38,-33
38,-32
38,-31
38,-30
38,-23
38,-22
38,-21
38,-20
38,-19
38,-18
38,-17
38,-14
38,-13
38,-12
38,-11
38,-8
38,-7
38,-6
38,-5
38,-4
38,-3
39,-107
39,-106
39,-105
39,-104
39,-103
39,-102
39,-99
39,-98
39,-97
39,-94
39,-92
39,-91
39,-90
39,-89
39,-86
39,-79
39,-78
39,-77
39,-76
39,-75
39,-74
39,-73
39,-72
39,-71
39,-70
39,-69
39,-68
39,-67
39,-44
39,-43
39,-42
39,-41
39,-40
39,-39
39,-38
39,-37
39,-36
39,-35
39,-34
39,-33
39,-32
39,-23
39,-20
39,-19
39,-18
39,-17
39,-14
39,-13
39,-12
39,-11
39,-9
39,-8
39,-7
39,-6
39,-5
39,-4
40,-106
40,-105
40,-104
40,-103
40,-102
40,-101
40,-100
40,-99
40,-98
40,-97
40,-93
40,-92
40,-91
40,-90
40,-87
40,-86
40,-84
40,-83
40,-82
40,-76
40,-75
40,-74
40,-73
40,-72
40,-71
40,-70
40,-69
40,-68
40,-67
40,-66
40,-65
40,-64
40,-63
40,-62
40,-61
40,-60
40,-59
40,-52
40,-51
40,-50
40,-49
40,-48
40,-47
40,-46
40,-45
40,-44
40,-43
40,-42
40,-41
40,-40
40,-39
40,-38
40,-37
40,-36
40,-35
40,-28
40,-27
40,-26
40,-25
40,-23
40,-22
40,-19
40,-18
40,-17
40,-16
40,-13
40,-12
40,-11
40,-10
40,-9
40,-8
40,-7
40,-6
40,-5
41,-104
41,-103
41,-102
41,-101
41,-100
41,-99
41,-93
41,-92
41,-91
41,-90
41,-87
41,-86
41,-85
41,-84
41,-83
41,-82
41,-81
41,-72
41,-71
41,-70
41,-69
41,-68
41,-67
41,-66
41,-65
41,-64
41,-63
41,-62
41,-61
41,-60
41,-59
41,-58
41,-57
41,-56
41,-55
41,-54
41,-53
41,-52
41,-51
41,-50
41,-49
41,-48
41,-47
41,-46
41,-45
41,-44
41,-43
41,-42
41,-41
41,-40
41,-39
41,-30
41,-28
41,-27
41,-26
41,-25
41,-22
41,-18
41,-17
41,-16
41,-12
41,-11
41,-10
41,-9
41,-8
41,-7
42,-103
42,-102
42,-101
42,-100
42,-99
42,-98
42,-93
42,-92
42,-91
42,-88
42,-87
42,-85
42,-84
42,-83
42,-82
42,-81
42,-80
42,-68
42,-67
42,-66
42,-65
42,-64
42,-63
42,-62
42,-61
42,-60
42,-59
42,-58
42,-57
42,-56
42,-55
42,-54
42,-53
42,-52
42,-51
42,-50
42,-49
42,-48
42,-47
42,-46
42,-45
42,-44
42,-43
42,-34
42,-33
42,-32
42,-31
42,-30
42,-29
42,-28
42,-27
42,-26
42,-25
42,-24
42,-23
42,-22
42,-21
42,-18
42,-17
42,-16
42,-13
42,-12
42,-11
42,-10
42,-9
42,-8
43,-102
43,-101
43,-100
43,-99
43,-98
43,-97
43,-96
43,-93
43,-92
43,-91
43,-88
43,-86
43,-85
43,-84
43,-83
43,-82
43,-81
43,-80
43,-78
43,-77
43,-76
43,-60
43,-59
43,-58
43,-57
43,-56
43,-55
43,-54
43,-53
43,-52
43,-51
43,-34
43,-33
43,-32
43,-31
43,-27
43,-26
43,-24
43,-23
43,-22
43,-21
43,-20
43,-15
43,-14
43,-13
43,-12
43,-11
43,-10
43,-9
44,-100
44,-99
44,-98
44,-97
44,-96
44,-95
44,-94
44,-92
44,-91
44,-90
44,-89
44,-88
44,-86
44,-85
44,-84
44,-83
44,-82
44,-81
44,-80
44,-78
44,-77
44,-76
44,-72
44,-39
44,-38
44,-37
44,-36
44,-35
44,-34
44,-33
44,-32
44,-31
44,-29
44,-26
44,-25
44,-24
44,-23
44,-22
44,-21
44,-20
44,-17
44,-16
44,-15
44,-14
44,-13
44,-12
44,-11
45,-99
45,-98
45,-97
45,-96
45,-95
45,-94
45,-93
45,-91
45,-90
45,-89
45,-87
45,-86
45,-85
45,-84
45,-83
45,-82
45,-81
45,-80
45,-79
45,-78
45,-77
45,-76
45,-72
45,-71
45,-67
45,-66
45,-47
45,-46
45,-45
45,-40
45,-39
45,-36
45,-33
45,-32
45,-31
45,-30
45,-29
45,-26
45,-25
45,-22
45,-21
45,-20
45,-18
45,-17
45,-16
45,-15
45,-14
45,-13
45,-12
46,-97
46,-96
46,-95
46,-94
46,-93
46,-92
46,-91
46,-87
46,-86
46,-85
46,-84
46,-83
46,-82
46,-81
46,-79
46,-78
46,-77
46,-73
46,-72
46,-71
46,-68
46,-67
46,-66
46,-65
46,-64
46,-61
46,-60
46,-59
46,-52
46,-51
46,-50
46,-47
46,-46
46,-45
46,-44
46,-43
46,-42
46,-41
46,-40
46,-39
46,-36
46,-35
46,-34
46,-33
46,-32
46,-31
46,-30
46,-25
46,-20
46,-19
46,-18
46,-17
46,-16
46,-15
46,-14
47,-96
47,-95
47,-94
47,-93
47,-92
47,-91
47,-90
47,-89
47,-87
47,-86
47,-85
47,-84
47,-83
47,-82
47,-81
47,-79
47,-78
47,-77
47,-73
47,-72
47,-71
47,-69
47,-68
47,-65
47,-64
47,-61
47,-60
47,-59
47,-52
47,-51
47,-50
47,-47
47,-46
47,-45
47,-43
47,-42
47,-41
47,-40
47,-39
47,-38
47,-36
47,-35
47,-34
47,-32
47,-31
47,-30
47,-27
47,-25
47,-22
47,-21
47,-20
47,-19
47,-18
47,-17
47,-16
47,-15
48,-94
48,-93
48,-92
48,-91
48,-90
48,-89
48,-88
48,-87
48,-85
48,-84
48,-83
48,-82
48,-81
48,-80
48,-79
48,-78
48,-77
48,-73
48,-72
48,-71
48,-70
48,-69
48,-68
48,-61
48,-60
48,-59
48,-52
48,-51
48,-50
48,-49
48,-47
48,-46
48,-45
48,-44
48,-43
48,-42
48,-41
48,-40
48,-39
48,-38
48,-36
48,-35
48,-34
48,-32
48,-31
48,-30
48,-29
48,-28
48,-27
48,-24
48,-23
48,-22
48,-21
48,-20
48,-19
48,-18
48,-17
49,-92
49,-91
49,-90
49,-89
49,-88
49,-87
49,-86
49,-85
49,-80
49,-79
49,-78
49,-73
49,-72
49,-71
49,-70
49,-69
49,-68
49,-62
49,-61
49,-60
49,-59
49,-58
49,-52
49,-51
49,-50
49,-49
49,-46
49,-45
49,-44
49,-43
49,-42
49,-40
49,-39
49,-38
49,-37
49,-36
49,-35
49,-34
49,-32
49,-31
49,-30
49,-29
49,-26
49,-25
49,-24
49,-23
49,-22
49,-21
49,-20
49,-19
50,-90
50,-89
50,-88
50,-87
50,-86
50,-85
50,-84
50,-83
50,-82
50,-80
50,-79
50,-78
50,-77
50,-76
50,-75
50,-74
50,-73
50,-72
50,-71
50,-70
50,-69
50,-68
50,-62
50,-61
50,-60
50,-59
50,-58
50,-52
50,-51
50,-50
50,-49
50,-48
50,-46
50,-45
50,-44
50,-43
50,-42
50,-41
50,-40
50,-39
50,-38
50,-37
50,-35
50,-34
50,-29
50,-28
50,-27
50,-26
50,-25
50,-24
50,-23
50,-22
50,-21
51,-88
51,-87
51,-86
51,-85
51,-84
51,-83
51,-82
51,-81
51,-80
51,-79
51,-77
51,-76
51,-74
51,-73
51,-72
51,-70
51,-69
51,-68
51,-62
51,-61
51,-60
51,-59
51,-58
51,-53
51,-52
51,-51
51,-50
51,-49
51,-48
51,-46
51,-45
51,-44
51,-43
51,-42
51,-41
51,-39
51,-38
51,-37
51,-36
51,-35
51,-32
51,-31
51,-30
51,-29
51,-28
51,-27
51,-26
51,-25
51,-24
51,-23
52,-86
52,-85
52,-84
52,-83
52,-82
52,-81
52,-80
52,-79
52,-78
52,-77
52,-76
52,-74
52,-73
52,-72
52,-70
52,-69
52,-68
52,-67
52,-66
52,-65
52,-63
52,-62
52,-60
52,-59
52,-58
52,-57
52,-53
52,-52
52,-50
52,-49
52,-48
52,-46
52,-45
52,-44
52,-43
52,-42
52,-41
52,-35
52,-34
52,-33
52,-32
52,-31
52,-30
52,-29
52,-28
52,-27
52,-26
52,-25
53,-83
53,-82
53,-81
53,-80
53,-79
53,-78
53,-77
53,-76
53,-75
53,-74
53,-73
53,-72
53,-68
53,-67
53,-66
53,-65
53,-63
53,-59
53,-58
53,-57
53,-53
53,-48
53,-46
53,-45
53,-44
53,-39
53,-38
53,-37
53,-36
53,-35
53,-34
53,-33
53,-32
53,-31
53,-30
53,-29
53,-28
54,-81
54,-80
54,-79
54,-78
54,-77
54,-76
54,-75
54,-74
54,-73
54,-72
54,-71
54,-70
54,-69
54,-68
54,-67
54,-59
54,-58
54,-57
54,-53
54,-44
54,-43
54,-42
54,-41
54,-40
54,-39
54,-38
54,-37
54,-36
54,-35
54,-34
54,-33
54,-32
54,-31
54,-30
55,-77
55,-76
55,-75
55,-74
55,-73
55,-72
55,-71
55,-70
55,-69
55,-68
55,-67
55,-66
55,-65
55,-64
55,-63
55,-62
55,-61
55,-60
55,-59
55,-58
55,-57
55,-56
55,-55
55,-54
55,-53
55,-52
55,-51
55,-50
55,-49
55,-48
55,-47
55,-46
55,-45
55,-44
55,-43
55,-42
55,-41
55,-40
55,-39
55,-38
55,-37
55,-36
55,-35
55,-34
56,-73
56,-72
56,-71
56,-70
56,-69
56,-68
56,-67
56,-66
56,-65
56,-64
56,-63
56,-62
56,-61
56,-60
56,-59
56,-58
56,-57
56,-56
56,-55
56,-54
56,-53
56,-52
56,-51
56,-50
56,-49
56,-48
56,-47
56,-46
56,-45
56,-44
56,-43
56,-42
56,-41
56,-40
56,-39
56,-38
57,-68
57,-67
57,-66
57,-65
57,-64
57,-63
57,-62
57,-61
57,-60
57,-59
57,-58
57,-57
57,-56
57,-55
57,-54
57,-53
57,-52
57,-51
57,-50
57,-49
57,-48
57,-47
57,-46
57,-45
57,-44
57,-43
58,-58
58,-57
58,-56
58,-55
58,-54
58,-53
